Date,CP,f1,f2,f3,f4,f5,f6,f7,f8,F5,F6,yr2,yr3,yr4,yr5
1964-01-01,-1.4338,-0.17483,-0.066179,-0.084153,-0.11658,-0.55531,0.13948,-0.27565,0.12957,1.4507,1.5453000000000001,-0.6895063671361488,-0.6234162673963043,-0.9849429391185167,-0.7902582318699471
1964-02-01,-1.3139,0.88942,-0.17834,-0.25373,0.70795,-0.15291,0.14777,-0.15828,-0.41665,-1.198,-0.9936,-0.6901375490247309,-0.7251118840207127,-1.0658017822435362,-0.7518908049720722
1964-03-01,0.035385,0.29846,0.36675,-0.63157,0.28747,-0.47425,0.79971,-0.65753,-1.1097,-0.636,-0.9884000000000001,-0.599351970385779,-0.9015803272585905,-0.9454171291180868,-1.243110092815333
1964-04-01,-0.4357,1.0406,-0.56057,0.55375,-0.51038,1.2301,0.047167,-0.26787,0.46571,0.1144,0.6997,-0.3280616590357683,-0.4872741022155836,-0.6787253598035028,-1.0282015702543394
1964-05-01,-0.49251,0.66406,-0.14724,0.24186,0.20619,0.52112,0.37885,-0.17149,-0.34042,-0.4313,-0.26280000000000003,-0.4215753579070145,-0.3417080113908583,-0.3044911510639209,-0.5581342127691513
1964-06-01,-0.86768,0.2571,0.26826,-0.56969,-0.10059,-0.17679,0.50642,-0.48654,-0.2195,0.3493,0.1015,-0.346593469422567,-0.07366151744736503,0.05332740542762365,-0.1553916364750687
1964-07-01,-0.64975,1.0173,-0.39155,0.088732,0.18206,0.55831,0.47487,-0.098582,-1.2006,-1.6135000000000002,-1.2065000000000001,-0.006009361675948788,0.17521628670715897,0.12391741494547845,-0.17116069664104352
1964-08-01,-0.88455,0.71149,0.44156,-0.1207,0.74914,0.031501,0.87999,-1.1368,0.23063,-0.4394,-0.8562000000000001,-0.20017979402585998,-0.13648497321913436,-0.029161445877434744,-0.25904808424686077
1964-09-01,-0.83131,0.8266,0.34275,-0.4478,0.31583,0.28701,0.47403,-1.1721,-0.77881,-1.199,-1.5276,-0.26603217107664806,-0.23798687148272116,-0.09297347097309352,-0.08282646072263825
1964-10-01,-0.96594,-0.9712,0.91476,-0.54726,1.3158,-2.0409,0.39509,-2.2554,-2.2087,0.0015,-0.8998,-0.04684581354258699,-0.14788955495984857,0.12969455346808212,0.2300895968210849
1964-11-01,-1.544,2.2527,-0.36458,0.47539,-0.8651,2.5804,1.4222,0.65143,1.4683,0.3155,0.7096,-0.4018607192669339,-0.49024292499475486,-0.47297716349665797,-0.38639631696315846
1964-12-01,-2.4708,1.4142,-0.014857,0.61448,-0.27403,1.4813,-0.27717,-0.8679,0.4674,-0.42910000000000004,-0.3956,-0.06326917803952184,0.07938715665274099,0.27517962625790215,0.19440548711031694
1965-01-01,-3.0738,0.98967,0.21618,0.17711,0.23245,1.1814,0.5968,-1.023,-0.55879,-1.0963,-1.2988,-0.08224964277397107,0.1718846093725586,0.16046430190282748,0.23292888589054594
1965-02-01,-3.6496,0.46646,0.40242,0.48086,0.6023,0.20177,0.71416,-0.62407,-0.63716,-0.5275,-0.9147000000000001,-0.18995959339889248,0.05866203574584339,0.10476051330124483,0.15898437584819652
1965-03-01,-3.1346,1.3925,0.29954,-0.15245,0.083179,1.233,0.85843,-0.95398,-0.42384,-1.4355,-1.7222,0.10144205847452265,0.41190959686844764,0.5963125444187228,0.4387432601944852
1965-04-01,-2.6873,0.68416,0.70535,-0.37604,0.42901,0.67586,0.52038,-1.3432,-1.2053,-1.3656000000000001,-2.0638,0.07536547801876084,0.3098455610949923,0.4279468678856452,0.5264028201872766
1965-05-01,-2.887,0.93788,0.49342,0.053863,0.3951,0.65724,0.62649,-1.1744,-0.72758,-1.2707,-1.7533,-0.07526898079450242,-0.00187025036688937,0.14468020045955918,-0.003891703746310843
1965-06-01,-2.034,0.5586,0.88027,-0.43162,0.066126,0.53172,1.2901,-0.66873,1.3583,0.9966,0.1421,-0.19801862141460014,0.0376149575954679,0.09663617272386918,0.037738110535158464
1965-07-01,-1.2674,1.135,0.18511,1.2697,1.2593,1.029,0.75176,-0.76263,-0.56714,-1.6734,-1.841,-0.44799011267947153,-0.15374117973262005,-0.022901081760413194,-0.18011111299275975
1965-08-01,-1.3239,0.38063,0.5532,-0.1405,0.45028,0.21944,0.79375,-0.86318,-1.0832,-0.7558,-1.2979,-0.5165496373634032,-0.2796463429869923,-0.28491186440638483,-0.362847968713198
1965-09-01,-1.4371,0.72686,0.30584,-0.53916,-0.18594,0.92876,1.109,-0.20681,-1.4922,-1.3312,-1.6320000000000001,-0.6488474134430079,-0.5713006545093615,-0.7073813038287379,-1.013446830945225
1965-10-01,-1.3142,1.1578,-0.29761,0.23592,-0.072322,0.95115,-0.17605,-0.38483,-1.1267,-1.5619,-1.2526,-0.5377449769023469,-0.4986239144643384,-0.7613254311592557,-1.253726028253478
1965-11-01,-0.76622,0.934,0.26756,0.073567,0.27284,0.67089,0.45677,-1.0872,-0.8623,-1.2958,-1.552,-0.5945773255701635,-0.5131035376379954,-1.0841261241867517,-1.5935279733964975
1965-12-01,0.31802,1.4165,0.50864,-0.36474,-0.3345,0.68327,0.91895,-0.51763,-0.2485,-1.1248,-1.6243,-1.067098316553103,-1.7350901831097796,-2.7243402541674677,-3.184318131905813
1966-01-01,-0.124,1.11,0.35092,0.80864,0.72826,0.59619,0.82932,-1.4002,-0.58485,-1.4383,-1.7763,-1.1437980341833927,-1.903144421061909,-2.8865299735787247,-3.305866578944506
1966-02-01,-0.65427,0.97999,1.0143,-0.93662,-0.48339,0.72974,0.94382,-2.229,-0.96897,-1.1941,-2.2096,-1.1164220090074481,-2.017609813969695,-3.0332505755676853,-3.5741195050719767
1966-03-01,-1.2773,1.5665,0.49968,1.1209,0.69725,1.242,0.99559,-1.0702,0.66371,-0.8689,-1.3489,-1.0184303557179573,-1.5172295238359748,-2.342701535013228,-2.754271897956607
1966-04-01,-1.0883,0.64788,0.83858,-0.64367,0.24011,0.65905,1.3149,-1.8767,-1.1847,-1.2352,-2.0684,-1.0371135998761514,-1.6486144066700323,-2.601997797665928,-2.880137884069648
1966-05-01,-0.49669,0.40147,1.4303,1.1085,0.92232,0.72882,1.3557,-2.4419,1.0494,0.8071,-0.6053000000000001,-1.107865775309249,-1.9819426804936802,-2.9622277497146836,-3.463302195643281
1966-06-01,0.18282,0.92945,1.065,0.1496,0.39346,1.665,1.2445,-1.7201,-0.81957,-1.3115,-2.3739,-1.2189764352798924,-2.1171913629501162,-3.2714726495443673,-3.961279762721443
1966-07-01,-0.72034,0.3649,1.4977,-0.24893,-0.32172,1.08,1.192,-2.0316,-1.0268,-0.2675,-1.7711000000000001,-1.2714881446654964,-2.2629517308025773,-3.2063213864269273,-4.322370684451549
1966-08-01,0.75299,0.14397,1.617,0.32336,-0.41681,0.77248,1.6027,-1.9562,0.77029,1.6435,0.0334,-1.9302285923864997,-3.417085342709599,-4.804556455236346,-6.606530788966983
1966-09-01,-1.1633,0.16992,0.63511,1.2044,-0.49265,1.1566,1.8782,-0.96266,0.054833,1.2526,0.626,-1.8489287002978354,-2.3409359686091316,-3.4403252848043535,-4.380724891637482
1966-10-01,-1.775,0.15796,0.67386,1.2181,-0.62644,2.3852,1.1296,-2.5482,0.063521,1.3581,0.6912,-1.542807834195468,-2.0779986608949885,-2.6852964304224773,-3.5899400307758045
1966-11-01,-0.3906,-0.62979,1.0949,0.15771,0.65846,1.0099,2.4848,-1.666,-2.7345,-0.39980000000000004,-1.4982,-1.292274175225227,-1.9499635069253225,-2.70799352219564,-3.6936513429306914
1966-12-01,-0.9147,-0.53765,0.48474,0.4238,0.17839,1.8396,1.2205,-1.6522,-0.40471,1.5661,1.1008,-0.2822698037678657,0.20432419287266315,-0.004451718264790461,0.03460881304915772
1967-01-01,-0.48091,-0.24266,0.052292,0.24774,0.20845,1.933,1.4181,-1.4088,-1.145,0.4617,0.4267,0.11488604228972188,0.7975687074986048,1.0030778808823324,0.7046526802281489
1967-02-01,-0.56165,-1.2845,0.60662,-0.57022,0.17562,0.25585,0.97575,-1.1219,-1.8544,1.2996,0.7052,0.16066829571858982,0.587081609237379,0.8082322695918478,0.9064245699784805
1967-03-01,-0.92852,-0.81447,-0.071119,0.31053,0.20517,0.91523,1.191,-0.76386,-1.1903,1.3509,1.4436,0.379095400377763,1.0342781129901606,1.4836855761549541,1.3821656886011584
1967-04-01,0.55924,-0.46527,-0.54444,0.38875,-1.1893,1.1882,-0.36893,-1.3224,-0.063711,2.4821,3.0503,0.6504800438763405,0.9156664994400515,0.8666123703238999,0.5494809858343732
1967-05-01,0.094813,-0.67306,0.055314,-0.40713,0.15069,-0.40633,1.2093,-0.33386,-1.6392,0.6948000000000001,0.6572,0.959587095113721,1.2191588856838083,1.3503345538554763,0.9490224300124244
1967-06-01,-1.3424,-0.14354,-0.033166,-0.35321,-0.98544,0.1412,-0.075913,-0.6351,-0.6997,1.205,1.2526,-0.00994232303923176,0.41452578494774395,0.1930233722850075,-0.7682416182981017
1967-07-01,-1.8627,-0.20945,-0.0043808,0.4021,-0.051221,-1.105,1.6229,-0.70737,-1.1714,0.5608000000000001,0.58,0.03770033520654817,0.6429654892156876,0.7981348882103084,0.749257992200722
1967-08-01,-1.0721,1.1056,-0.73619,0.37376,-1.0694,1.0232,0.44441,-0.47391,0.37836,0.24980000000000002,1.0081,0.49110295305760454,1.068469309514384,1.634152042183936,1.1432068076076822
1967-09-01,-0.23878,-0.13681,-0.23328,0.11457,0.2007,-0.71523,0.50834,-1.1242,-0.8674,0.4757,0.7321000000000001,-0.5735465006204588,-0.2152215606202358,-0.5655067519483005,-1.4214451858845498
1967-10-01,-1.7135,0.15986,-0.2236,0.31783,-0.54547,-0.50989,0.91797,-1.0032,0.54521,1.5155,1.7659,-0.651003887870203,-1.1181323799332357,-1.4526809950361979,-2.21588149926664
1967-11-01,-2.0543,1.6545,-0.37682,0.66364,-1.096,0.9429,0.57438,-0.71539,0.79078,0.10160000000000001,0.4974,-0.5499399206077858,-0.5684921076569747,-0.9866181141319014,-1.6866759694612092
1967-12-01,-0.67678,1.0684,-0.70501,0.89459,-0.79196,0.89769,0.44681,-0.16302,-1.1986,-0.9783000000000001,-0.2654,-1.3849292112301008,-1.7926893679768345,-3.215105395464627,-4.357460533311217
1968-01-01,-0.48587,-0.75479,0.19402,-0.37851,-0.33917,-0.89227,1.116,-1.4345,-0.64854,1.8634,1.6905000000000001,-1.0984417904935782,-1.5412305445020553,-2.3138659068516967,-3.6009896711747627
1968-02-01,1.1969,0.852,0.26975,0.056346,0.71587,0.30475,0.2938,-1.4117,1.0644,0.0451,-0.19210000000000002,-0.9209228670547597,-1.2056789071854133,-2.5162842466241018,-3.258931163139985
1968-03-01,1.7475,0.45712,-0.037707,0.25854,-0.17624,-0.17805,0.35141,-0.33123,-0.72558,-0.17830000000000001,-0.12610000000000002,-1.5692955369595876,-2.4511937288771213,-3.8808358295024594,-5.184609804971288
1968-04-01,1.7924,0.55616,0.50484,-0.21519,0.74863,0.087909,0.98216,-0.33704,-2.3417,-2.1913,-2.694,-1.2653060783893877,-1.7589044494466157,-3.1425693314526972,-4.336168321185184
1968-05-01,0.18089,0.75042,0.26696,0.58213,-0.28463,0.59645,0.52469,-0.037639,-0.18586,-0.10300000000000001,-0.3583,-1.3647078421984136,-1.9733981111050476,-2.934388328644725,-3.803881495925237
1968-06-01,-0.2748,0.1267,0.40743,-0.78062,-0.2487,1.0962,0.0066279,-0.37349,-0.56089,0.3539,-0.0374,-1.1247620990836538,-0.9688290373519197,-1.0219559610306475,-0.9541847717717149
1968-07-01,-2.6862,0.021414,0.25133,0.10523,0.85157,0.31071,0.013467,-0.093977,-0.87855,-0.17470000000000002,-0.4046,-0.7517634742205049,-0.8812101020366379,-0.4985469104947682,-0.48146872238944427
1968-08-01,-2.5193,0.29338,0.82578,-0.35917,0.85923,0.82596,0.38961,-0.63682,0.013534,-0.0397,-0.8432000000000001,-0.3244186409897279,0.11484030592806144,0.11395958888888516,0.23220382230028577
1968-09-01,-2.8728,0.47554,-0.19577,0.1867,0.17691,0.3541,-0.13708,0.46379,-0.86893,-0.5321,-0.3181,-0.35304058794769844,-0.18688083154534754,0.21368081615955464,0.17858529718954644
1968-10-01,-3.9498,0.6743,0.26171,-0.36845,-0.063784,0.36377,-0.21828,0.026164,-1.0798,-0.9727,-1.2246000000000001,-0.02520873467722548,0.18247359647224348,0.7324506568744782,1.4092181727339448
1968-11-01,-4.408,0.92748,0.21336,0.21827,0.097016,0.66768,0.31888,0.37421,-0.047262,-0.5343,-0.7304,-0.5023277073046721,-0.16003951611706993,0.2804258346556766,0.7342926684854888
1968-12-01,-3.7344,0.32597,0.71319,0.60034,0.4274,-0.86197,0.65737,-0.32591,-0.50934,-0.0765,-0.7783,-1.0298152211517253,-1.4086055778869184,-1.3542607877573263,-3.03081565179552
1969-01-01,-4.3529,0.65578,0.69251,-0.11772,-0.304,-0.25384,-0.39641,-0.88308,0.20159,0.2225,-0.457,-0.9387498221226933,-1.5342007675509868,-1.6938587708487414,-1.7943200613247439
1969-02-01,-2.554,0.76155,0.55821,0.097522,0.36652,0.38324,0.11193,0.1949,-0.12681,-0.5322,-1.0746,-1.4416212756726812,-1.3830794176198966,-2.5836756751835406,-3.2843783961177895
1969-03-01,-2.8715,0.62237,1.0126,-0.95859,-0.57738,0.48506,-0.13454,-0.61601,0.46589,0.4802,-0.5197,-1.1737365798910167,-0.6244319651120857,-1.2743683435662123,-2.4509164472042446
1969-04-01,-3.6995,-0.061099,1.0009,0.7293,1.3139,-0.13802,-0.57425,0.021418,-1.012,-0.28550000000000003,-1.2738,-0.8496636456711226,-0.491874974729397,-0.7627950265800022,-1.286537773340607
1969-05-01,-1.9668,-0.044931,1.8059,0.015902,1.2412,0.47354,-0.23837,0.91826,-1.5629,-0.8247,-2.6307,-0.9666487713398758,-1.6205005488465194,-2.3447733479425676,-3.3616253961130362
1969-06-01,-2.0848,0.56824,2.3074,-0.11479,-0.26803,0.87803,-0.3299,0.4522,1.098,1.0286,-1.2772000000000001,-2.2010608733529993,-3.267245554136618,-4.818795874648943,-6.216926243562557
1969-07-01,-1.2077,0.1801,1.3561,1.3209,-0.31311,0.7359,-0.54029,0.023408,1.12,1.9729999999999999,0.6268,-2.09214143180817,-4.597619447204895,-6.252970203958055,-7.3264347759329995
1969-08-01,-1.6827,0.21344,1.579,-0.016262,0.75762,1.3197,0.22992,0.9266,-0.57517,-0.2374,-1.8105,-2.7505668375208394,-4.5923643436485975,-6.494041251802238,-7.597779533496425
1969-09-01,-0.7863,-0.44702,1.3513,0.16219,-0.22996,0.042744,-1.0384,0.76347,-0.33542,1.6573,0.3124,-2.505987385444722,-5.412412804646844,-8.145326865972457,-10.75774277888536
1969-10-01,0.36705,-0.051196,1.4769,-0.026923,0.62637,0.91446,-0.20182,-0.15967,-0.33979,0.4675,-0.9993000000000001,-2.0982870976238104,-4.215591477298479,-6.327789159587223,-7.94982909756439
1969-11-01,-0.59795,-0.97599,1.5384,-0.64546,0.34272,-0.25721,0.61752,0.32707,-1.3929,1.17,-0.36310000000000003,-2.592574902141667,-4.618926630539133,-6.909537814419566,-8.26224760337795
1969-12-01,2.9128,-0.2729,1.8724,0.71407,-0.18991,-0.42853,0.15745,-0.59252,0.61278,2.1744,0.3074,-1.9222395438682898,-4.5451848483489,-5.9196249471027285,-7.607631582601604
1970-01-01,0.86823,-1.9805,1.8383,-0.10564,0.32657,-0.76069,0.058369,-1.1404,-0.66347,2.6821,0.8504,-1.8131437451260077,-4.104810095526141,-7.004856709554754,-8.1462077691882
1970-02-01,0.32123,-0.83685,0.97842,0.75592,0.30007,1.3204,-1.4257,-0.52714,1.4829,3.4645,2.5175,-0.9765348636902732,-1.6171162387137374,-3.052376954555653,-3.8481646123524076
1970-03-01,1.0827,-1.0652,0.30629,-0.15847,0.92243,0.93732,1.0112,0.44476,0.10178,2.1946,1.9255,-1.1082791722945184,-1.859145278034164,-2.6049722721679123,-3.644531397645233
1970-04-01,2.1977,-1.3182,1.1657,-0.33656,-0.8447,0.21554,-0.11404,0.32372,0.64264,3.8764000000000003,2.729,-1.5208697779467337,-3.0044229547198533,-5.578123768047896,-6.409783149011183
1970-05-01,0.63136,-0.97978,0.71366,1.772,-0.80034,-1.2087,-0.50277,0.35286,3.0086,5.6459,4.968,-0.9828754676315422,-2.4437230528063547,-3.8056124967104186,-4.529113628012469
1970-06-01,2.2048,-0.83808,0.075877,-0.28901,-0.36948,-0.45325,-0.20585,0.17275,0.039067,2.5475,2.5000999999999998,-0.5205133043077126,-1.1865173478970634,-2.8678033554845097,-3.604665319779817
1970-07-01,3.1681,-0.24136,-0.12254,-0.044479,0.25139,0.24776,0.19967,-0.21992,0.14265,1.3715,1.5266000000000002,0.3695309417395584,-0.36362413471685007,-1.9079790014455735,-3.3792450549385706
1970-08-01,2.9314,-1.1066,-0.62981,-0.024783,0.46787,-1.0664,0.7813,0.3405,-0.64103,1.9585,2.6264000000000003,0.13599449239648786,-0.0970537229057461,-1.1408643338305295,-2.308643544377214
1970-09-01,0.76198,-1.2418,-0.43855,-1.431,-0.44421,-0.60037,-0.79628,-0.076638,-1.1255,2.0087,2.4773,1.2379838975676793,2.4053395645412103,3.043592978957785,3.6137200809525356
1970-10-01,1.3872,-2.3641,0.09343,-0.7787,0.79941,-2.7598,-1.0531,-0.9869,-1.207,1.8342,1.7687,0.7556604855977506,1.2073096973049868,1.4440666563924967,0.8351659714083526
1970-11-01,1.4137,-1.6014,-0.52779,-0.4306,0.4683,-0.91887,-0.35157,0.3102,0.96333,3.6121,4.1935,1.9363287059645047,4.042565337919907,5.092076469915676,5.914826239287916
1970-12-01,2.259,1.2904,-2.6531,0.66854,-0.7132,2.5353,-1.5191,2.5315,1.1795,0.5024000000000001,3.2098,3.3180484987876597,5.640664980738849,7.4474346965622855,8.584120619314728
1971-01-01,4.0501,0.20128,-1.8511,0.19883,0.62184,-0.10998,-0.055854,0.79619,-0.45304,-0.0067,1.8923,3.680732707766876,6.918697629104765,8.649710414037456,9.926072361038688
1971-02-01,3.033,-0.3027,-1.4022,-0.90798,0.65362,-0.41999,-0.206,0.34823,-0.46648,0.6213000000000001,2.0737,3.3737165090237693,5.61928541364489,7.225740564847148,8.189763798832397
1971-03-01,0.99714,-0.27777,-0.71427,-0.47717,0.57052,-0.8996,-0.64088,0.1726,-0.0096343,1.056,1.8134000000000001,3.451474680303131,5.678673693109706,8.376032542466938,9.380486083841596
1971-04-01,2.8804,0.62299,-0.38629,-0.20242,-0.22737,-1.1818,-0.52068,0.73372,-0.85158,-0.5948,-0.1903,3.1061786202012707,5.281919309160636,6.644229243730586,8.018675522356524
1971-05-01,-0.091939,0.72549,0.203,-0.5094,-0.27633,-1.607,0.25181,0.93081,0.55369,0.2998,0.12050000000000001,3.1817760364432806,4.569201877214733,5.733393464928437,7.234926777789911
1971-06-01,1.0733,0.32369,-0.37837,0.24864,-0.62133,-1.5048,-1.2398,0.67214,0.35335,1.1223,1.5262,1.6585558113206376,2.9845512141530306,3.288343520930084,4.067266675699951
1971-07-01,2.4523,0.21325,-0.020841,0.34191,0.73451,-2.2124,0.059861,0.37024,0.65968,0.79,0.8462000000000001,1.4524329140657835,2.516631297604416,2.932865010568246,2.7410508591396807
1971-08-01,-0.91235,-0.0016027,0.10962,-1.1205,1.0859,-1.2753,-0.96764,0.085753,0.11379,0.2716,0.20090000000000002,1.958669095709914,3.8816408008700427,5.518448623679298,6.259006941346818
1971-09-01,-0.60585,1.0207,-1.0272,0.13707,1.2511,0.58887,-0.51391,1.5988,0.77636,-0.6974,0.3794,1.2452962864955188,3.090739513207011,4.365749560247152,5.576504088634959
1971-10-01,-0.42566,0.49362,-0.78372,-0.63197,0.044062,-0.52039,-1.1937,0.64945,1.5745,1.2431,2.0763,2.121577810974816,3.8777420501310638,5.464401464970842,6.342506929399404
1971-11-01,-0.83811,0.57064,-0.46021,-0.40207,0.74927,-0.24573,-1.1682,0.9683,1.5276,0.7248,1.2344,0.7871915515846581,1.6892490449749504,2.3425492064633744,2.429902571526076
1971-12-01,0.34426,1.1227,-0.82987,-1.2859,0.19974,-0.19903,-0.84034,0.68934,-1.2563,-2.05,-1.1944,1.733103866604991,2.7638435341909275,3.126080689175522,3.9071235918767746
1972-01-01,2.3255,1.9571,-1.474,-0.39399,1.2782,0.40245,-0.10419,1.1307,0.43636,-1.8503,-0.3225,0.8556359859601632,1.7967046276976504,2.1128634519347913,2.049196469833523
1972-02-01,1.5743,1.1581,-0.81034,-0.98828,0.08813,-0.999,-0.14236,0.59278,0.050255,-0.9713,-0.12610000000000002,0.5039208712027017,1.2107034141408748,1.1197688969013428,1.0014116364865446
1972-03-01,1.5489,1.3225,-0.68066,0.55759,1.3316,-1.2863,-0.43683,0.63375,-0.44769,-1.964,-1.251,-0.40225844595735555,-1.2717874181728053,-1.828252635845452,-2.3645091927455204
1972-04-01,2.2993,1.213,-0.28341,-0.35482,0.012362,-0.8285,-0.61624,0.24578,0.48473,-0.5437000000000001,-0.2315,1.3721462051251132,2.3480569195304515,2.0587181501810865,2.745400256537446
1972-05-01,1.4599,0.84085,-0.0008871,-1.148,1.0664,-1.0541,-0.34951,-0.10761,-0.076878,-1.2338,-1.1993,1.309355485475295,2.7671366553474694,2.3353864326269966,3.915274074462236
1972-06-01,1.2517,0.75411,-0.049412,-0.34727,1.3054,-1.4393,-0.65492,0.20058,0.27141,-0.8293,-0.7435,1.2182742947901357,3.088327110140591,3.288198397031169,4.443539923234791
1972-07-01,2.9125,0.28431,-0.22051,-0.99964,0.074737,-1.4593,-0.2238,0.89805,-0.32954,0.0413,0.2903,1.5658734132477161,3.5867445652016743,4.197939289359752,4.905789532123891
1972-08-01,2.0213,1.7329,-0.55635,0.071906,1.0134,0.022526,-0.59842,1.3292,-0.50345,-2.2468,-1.661,0.14084084185001372,0.5952955149946038,0.26130816970304716,0.38381730825606597
1972-09-01,0.26286,1.3552,0.022444,-1.1184,-0.25982,-1.3913,-1.219,0.28565,0.27454,-0.8425,-0.8413,-0.12167465516809348,0.10004747974055803,0.012232898729241243,0.5161822626919486
1972-10-01,1.0899,1.821,-0.44279,0.74353,1.5917,-0.18434,0.013429,1.358,0.03551,-2.0833,-1.6056,-0.20419902086978303,-0.4723008718207036,-0.6689072825511746,-0.624219800939295
1972-11-01,1.2809,1.8791,-0.17282,-1.2825,0.62367,-0.074051,-0.74186,0.21628,-1.0818,-2.783,-2.5881,-0.016984777140392066,-0.17420125097317093,-0.17626878559515932,-0.17812931626368378
1972-12-01,-0.214,2.0464,-0.086816,-0.36119,0.82601,-0.37942,-0.44218,0.93899,-0.43793,-2.2748,-2.1628,-0.05778813969504956,-0.7896106450911315,-1.3532330042780576,-1.299154683495662
1973-01-01,0.78694,1.8086,0.61687,-0.82916,1.0728,-0.99498,-0.62135,0.38678,-0.23785,-2.2786,-2.8741,-0.6634174723711195,-0.5530311017523305,-1.0440273336683417,-1.0291324807682916
1973-02-01,0.39201,2.1387,1.1459,-1.0676,1.061,0.065978,-1.7486,-0.57447,1.8196,-0.8047000000000001,-1.9155000000000002,-1.1612981265111413,-1.5950194877815034,-2.2760477073580847,-2.421576354410235
1973-03-01,-1.8187,1.198,1.591,-1.4691,0.82786,-1.1385,-0.86001,-0.14846,0.2597,-1.365,-2.9414,-0.8133736366180151,-1.2085997871255285,-1.5429821553794139,-1.4875830114663195
1973-04-01,-1.0028,0.39441,1.4809,0.088734,2.1913,-1.2825,-0.074893,-0.64344,0.11958,-0.8019000000000001,-2.2593,-0.9905620760648166,-1.1940972590286612,-1.8392005150497535,-1.7312447286654462
1973-05-01,-2.7078,0.95063,1.2391,-0.43447,1.2567,-0.2646,-0.106,1.3808,0.7812,-0.7069000000000001,-1.9221,-1.6850367076398747,-1.9484582969633044,-2.245149150752606,-2.2435033901015364
1973-06-01,-2.9871,0.79269,1.9728,-0.75488,1.3928,-0.9772,-0.71645,0.17909,0.11373,-1.1313,-3.0921,-1.9341587073632351,-2.086238428850943,-2.4897686630353513,-2.571260383327373
1973-07-01,-1.3935,0.48894,1.813,2.2389,1.8339,-0.84026,-1.0943,2.3136,-0.24052,-0.6398,-2.4487,-3.0835838008168848,-3.87947052823197,-4.8932638698059465,-6.830746317890029
1973-08-01,-4.567,0.3045,3.5836,-5.2216,-2.9039,-0.36866,-2.4563,-0.91318,-0.53531,0.775,-2.8367,-2.5798967543765032,-3.121571119320776,-2.767557949037678,-3.5990877583850125
1973-09-01,-4.8349,0.41617,0.92859,4.8679,4.1403,0.90464,-0.068634,2.477,0.24907,-0.9779,-1.8784,-1.741254915354802,-1.7830796575055832,-1.438669173067903,-1.7294134710779723
1973-10-01,-1.9454,0.7551,1.3633,-1.8669,0.81185,2.9152,-0.92095,1.2039,-1.1179,-1.8940000000000001,-3.2487,-1.1507292582109787,-1.1797000657759509,-1.1234603254968487,-1.7742445448620323
1973-11-01,-3.3247,0.76032,2.8189,-0.25834,0.14262,0.825,-1.0642,-0.1457,0.86602,0.29510000000000003,-2.5277000000000003,-1.5319526093497904,-1.3560509306103412,-1.170002553700447,-1.7595904919247167
1973-12-01,-2.4538,-0.37241,3.0774,-0.4794,1.515,0.29161,0.22665,-0.54378,1.5124,1.8466,-1.2131,-0.8134260522978123,-0.93036189822081,-1.1767480878330134,-1.3142543906907938
1974-01-01,-0.70136,-0.38607,2.7239,-1.1107,-0.26185,0.46723,-1.0166,-0.33796,-1.4716,0.47100000000000003,-2.2692,-0.6126858364605081,-0.6512975380982472,-0.786125438920713,-1.6435384735170941
1974-02-01,-2.0071,-0.42011,1.8014,-0.83589,1.5871,0.41614,-1.2799,-0.28509,1.0012,1.4267,-0.3433,-0.3907975942378322,-0.2910480306409703,-0.03403635649475434,-0.6344335423902447
1974-03-01,-1.5434,0.12573,1.5996,0.47245,0.48343,-0.20837,-0.58057,0.67121,-0.79873,-0.015600000000000001,-1.6152000000000002,-1.455146982316003,-2.2160802400231288,-3.131021780118784,-3.691720763444447
1974-04-01,-1.7078,-0.23101,2.3617,1.7382,1.0088,-0.78947,0.059422,1.2669,0.30664,1.3734,-0.9863000000000001,-2.109037100581628,-3.1062067295911504,-4.671916834495588,-5.8846766609936
1974-05-01,0.63024,0.27214,2.5279,-0.63685,-0.86566,1.8317,-1.4373,0.32288,0.28794,1.1364,-1.4008,-1.7982834145771696,-3.029663822972674,-4.589580277214993,-5.578507454020741
1974-06-01,-0.46453,-0.72437,2.4853,1.442,1.131,1.3413,-0.67992,1.3144,0.052266,1.8516,-0.6304000000000001,-2.245110848558194,-3.469592499825734,-5.141743152718897,-6.835800329739028
1974-07-01,0.40667,-0.77746,3.6196,-0.18301,-0.3787,1.3589,-0.73071,1.3307,0.94132,3.1768,-0.45130000000000003,-1.3608273452825101,-1.9810921764214284,-2.26257629744835,-3.768707209114419
1974-08-01,-5.2423,-1.0386,3.1946,0.012017,-1.5224,0.34445,-0.74106,-0.34264,1.0326,4.2957,1.0897000000000001,-2.722682160466334,-3.948098801924778,-5.108431395097218,-6.400501218826767
1974-09-01,-0.8831,-1.5251,2.5812,1.5021,0.73124,1.0685,0.95532,-0.31265,3.395,5.6232,3.073,-1.6384647194340227,-3.928382553709749,-4.769172055962596,-6.4490347987601195
1974-10-01,0.22993,-1.922,1.1516,0.026639,0.9261,1.8007,1.0774,0.19211,0.12079,2.9535,1.8286,-1.3199547538933265,-2.6043761070265217,-3.6029975653402504,-5.023042329311873
1974-11-01,-0.99861,-3.7615,1.4924,-0.45763,0.77551,-0.8523,-0.33636,-1.0153,-1.0874,-0.723,-2.2304,-1.5465970468619168,-1.9955213968942676,-2.970014741059216,-3.674125553233678
1974-12-01,0.65542,-4.767,1.5399,0.46166,0.86178,-2.6147,0.52405,-1.4016,0.91843,-4.3838,-5.9649,-0.621687000104193,-1.5722486923136139,-1.9297176847868838,-2.276133257599333
1975-01-01,1.5294,-3.4774,-0.92813,0.3785,-0.43914,-0.079358,-0.95019,-0.33067,-1.1852,0.9849,1.9217,0.3679479986587769,-0.041976688619711766,-0.41671763300239195,-1.2843615182683787
1975-02-01,-0.73983,-3.6041,-1.5249,0.27223,-0.16076,-0.41015,0.72662,0.71047,-2.7351,-0.7756000000000001,0.7511,0.7420452374270775,0.6409900132703789,0.6592715555064188,0.5743728422117413
1975-03-01,2.3103,-2.7554,-1.1258,0.45044,-1.3784,-0.85562,1.7992,0.50167,-1.0308,3.1149,4.2587,1.062652481297137,1.2354617543990574,0.9571994214646926,0.13009064975681023
1975-04-01,4.3881,-1.2322,-1.4353,1.2254,-3.3885,-0.29686,-0.11131,0.014703,-0.0054375,5.0139,6.4668,0.9640066855664486,0.7382286056327834,0.2302876573116508,-0.3896824176649591
1975-05-01,3.1452,-0.89082,-2.044,0.67082,-0.68545,0.66512,0.82151,0.67245,-1.2972,1.9495,4.0303,1.622388315329841,1.9541363545623107,2.013879032474253,1.204636221862683
1975-06-01,-0.58873,-0.54643,-1.5378,-0.34858,-2.5679,1.1275,0.8952,1.4236,-0.4029,3.0016,4.5648,1.2331379992529867,1.6876863696539721,2.2315648999530953,2.5930481605190985
1975-07-01,1.5697,0.68069,-0.78548,0.38202,-3.133,0.53515,-0.56583,-0.54846,-0.41732,1.4067,2.1928,0.9069651841907291,1.228236229873554,1.382237712549117,1.356720831293802
1975-08-01,0.73044,0.69515,-0.57775,2.4045,-0.55229,-0.22666,1.8124,-0.41269,1.1733,1.5079,2.1107,0.3488151800744896,0.28499137323637486,0.2697687838470311,0.752255989682149
1975-09-01,2.9044,0.53256,-0.81582,-0.14002,-1.695,0.85797,0.6183,-0.43962,0.65544,1.5516,2.3927,0.6473801794686527,-0.46500324930876386,-0.4612678918276339,-1.7155874170021976
1975-10-01,0.95105,0.097086,-0.83316,-0.063598,0.52156,0.64894,0.7026,-1.6838,-0.81554,-0.09870000000000001,0.7674000000000001,1.6110701333200736,1.7107453342271428,2.0927795732995884,2.077605768406912
1975-11-01,-0.56701,-0.049977,-1.3318,-0.26831,-0.38224,0.1975,1.1645,-0.065446,-0.34445,0.9911000000000001,2.3606,0.4614213193755462,0.1569725293377705,-0.1823078662918226,0.031415118782270046
1975-12-01,1.4876,0.87103,-1.1914,1.0485,-0.65583,0.57814,0.559,-0.80106,0.52709,0.5646,1.7867000000000002,1.4933049240556162,1.3308376031664473,0.8451910057116874,0.11303086290690711
1976-01-01,3.959,1.3148,-1.9498,0.2426,0.50985,2.116,0.72549,-0.035712,-1.5739,-2.4116,-0.42910000000000004,1.689315691652566,1.8087176118586215,1.4039613313478811,1.0373790050455238
1976-02-01,2.9387,1.2406,-1.1183,0.15764,0.43134,0.45331,1.6745,-0.17189,-0.81423,-1.7182,-0.5710000000000001,0.5319657221906311,0.3015912481752252,-0.5588786316122647,0.05637788669924787
1976-03-01,2.561,0.3915,-0.52026,-0.042782,-0.23044,-0.55283,0.65545,-1.1384,-0.75693,-0.11860000000000001,0.42310000000000003,1.1876909356895553,1.4975405067132872,1.8332826996532456,1.6396549708639776
1976-04-01,1.1399,0.60759,-0.4732,-0.5928,0.10249,0.59026,0.52764,-1.4962,-0.21682,-0.3412,0.1613,2.1152052376479102,3.33778486745554,4.123319212045034,4.552621856219455
1976-05-01,1.8557,0.40326,0.066162,-0.18848,-0.97954,-0.78668,1.0763,-0.55574,0.15858,0.9647,0.9152,0.9002899439195398,0.8423362794137274,0.9397977155944301,0.9444840670107618
1976-06-01,1.808,-0.14868,-0.25424,0.33323,-0.51606,-0.67703,-0.4084,-0.97513,0.063015,1.6578,1.9371,1.0785084571959647,1.4804497064850959,1.1518526210334847,1.8654719303448863
1976-07-01,2.4655,0.29607,-0.53021,-0.38834,0.15671,0.26638,0.55045,-0.81444,-0.55326,-0.0859,0.4728,1.8839065598034472,2.82714334708425,3.0425581819900795,3.3696315777958423
1976-08-01,1.1078,0.1937,-0.51042,0.044359,0.11175,0.019692,0.83936,0.0076611,1.167,1.5128,2.0654,2.174395862250701,3.088283954448634,4.175992113133501,4.646833937148358
1976-09-01,0.63793,0.31788,-0.21285,-0.65381,0.49436,-0.25072,-0.14172,-0.85147,-0.33751,-0.1967,0.0463,2.758305089347346,4.06857182088858,5.768010878598704,6.116370033647144
1976-10-01,0.3837,-0.22158,-0.31114,-0.32099,0.2306,-0.54505,0.53362,-0.26721,1.015,1.9701,2.3247,2.2490478276275394,3.271642449679144,4.309662225043411,5.665992836018475
1976-11-01,0.42321,1.0003,-1.0034,0.58336,-0.2589,0.97165,0.087087,0.93101,1.3732,0.7271000000000001,1.771,2.935670024809162,4.891322606981276,6.177274972014024,8.680327386708875
1976-12-01,0.30649,0.89351,-1.1885,-0.32399,0.0072179,0.8886,-1.1701,0.26949,0.2725,-0.2888,0.9390000000000001,2.484537529126811,4.265008365794031,5.457244800976813,7.722800901486348
1977-01-01,3.6156,0.1786,0.25415,-0.4678,0.13198,-1.2972,1.2883,-0.1463,-0.60196,0.0746,-0.16040000000000001,1.5342131851304897,2.953563878982557,3.7023949539984335,4.541169705298157
1977-02-01,3.234,1.2518,-0.27888,-0.74998,-1.0076,0.2431,-1.2386,-0.55372,2.2072,1.244,1.5602,1.8633941231231652,3.1431019351354803,3.516941285255224,3.6219237701344187
1977-03-01,2.6734,1.5953,-0.75662,0.82557,1.0583,-0.50373,0.30779,0.62639,0.71583,-1.1093,-0.3126,1.8861977564434127,2.969011147013413,3.595828576398899,3.769023241678994
1977-04-01,2.5302,1.0988,-0.17424,-0.69028,0.47916,-0.099619,0.2096,-0.407,0.75463,-0.5257000000000001,-0.316,1.7098431233196008,2.635273484012247,3.1319613051461213,3.5029224060945032
1977-05-01,1.2848,1.0725,0.017345,0.45931,0.65242,-0.95601,0.32427,0.19803,-0.27534,-1.1738,-1.1703999999999999,2.143996079682875,3.3802133223288235,4.4761498920053056,4.831053748877201
1977-06-01,0.59135,0.96255,-0.057255,-0.18078,0.68857,-0.049083,-0.42161,-0.32736,0.73616,-0.3889,-0.29760000000000003,1.880656027461658,3.0246317866239365,4.5648680872447045,5.117294772922226
1977-07-01,0.15853,0.81415,-0.13377,-0.61103,0.67143,-0.70819,0.21497,0.24751,-0.30979,-1.0522,-0.8905000000000001,1.1705885240587404,1.9502821407726947,3.080054326615326,3.184789340879061
1977-08-01,0.44072,0.60531,0.36631,-0.0055143,0.62437,-1.2714,-0.045087,0.09049,0.39067,-0.0606,-0.40080000000000005,0.8951976957832182,1.2037221877285447,2.256733765109905,2.9401582959009875
1977-09-01,-0.016618,0.75583,0.31713,-0.29555,0.62409,-0.42576,-0.018913,0.27167,0.10432,-0.5638000000000001,-0.8564,0.2442287397226843,0.5900232325294359,0.8181940675586842,1.7628893174279534
1977-10-01,0.5837,0.89654,0.23996,-0.26258,0.15356,-0.94169,-0.53795,0.15194,0.43326,-0.24150000000000002,-0.4576,-0.29343018701873946,-0.7661525559698269,-0.9046134700126724,-0.6388302504449849
1977-11-01,0.3697,0.77606,0.23493,-1.4057,0.54183,-0.51428,-0.26496,0.20456,-0.015227,-0.8406,-1.0473,-0.8888819662483671,-2.0689838000563494,-2.6296302143141057,-3.1464799741814597
1977-12-01,-0.041861,1.2197,-0.28409,0.13902,1.0322,-0.71657,0.059128,0.33908,0.36537,-1.1328,-0.8146,-1.0009613007119125,-1.8891408002937031,-3.1867317879747947,-3.6215308210379917
1978-01-01,0.5465,-0.48818,1.5375,-1.3855,0.91142,-2.7298,1.0648,-0.93012,0.19927,1.2056,-0.30720000000000003,-0.5038590013503909,-0.7967918724526137,-0.9522220499022904,-1.9623167612771095
1978-02-01,0.92769,0.96183,-0.032955,0.47534,0.39197,0.015994,-0.89988,-0.084385,0.47179,-0.3034,-0.2442,-0.6154061406344231,-1.064468559035657,-1.0992970533429105,-1.7163813565201018
1978-03-01,1.5957,1.6885,-0.21906,-0.39318,-0.19748,1.0951,-1.0679,0.23139,1.3658,-0.1807,0.0722,-0.6817264646632681,-1.4046203706265685,-1.5924524499475199,-2.080109299711114
1978-04-01,0.9741,2.1051,-0.30109,-0.62848,0.34752,0.94171,-0.84894,1.2711,-1.1306,-2.5872,-2.267,-0.7842552342013489,-1.7286085929223503,-1.8862178409544905,-2.5906402755976963
1978-05-01,-0.51303,0.83585,0.59965,-0.44289,0.76694,-0.88153,-0.07646,0.34128,-1.8946,-2.3252,-2.9203,-1.2455010502143746,-2.5229131713211084,-2.9551929654950557,-3.7191165204575065
1978-06-01,0.48743,1.4113,0.43788,-0.489,0.89135,-0.54533,-0.48963,0.25441,0.28287,-1.4307,-1.8432,-1.8535482177993556,-3.6783362327495004,-4.676034038334109,-5.757119427058559
1978-07-01,0.14434,0.3168,0.8141,-0.18362,1.554,-1.4834,-0.15249,-0.28413,0.67304,0.065,-0.716,-1.4253161214279595,-3.140243612907806,-3.743341170515832,-4.421037725333873
1978-08-01,-0.71495,0.90264,-0.24387,-0.61375,1.6983,0.20386,-0.67755,0.55108,-1.3463,-2.5589,-2.2871,-1.527997144574239,-2.8993084024209512,-3.6715485497098217,-4.728602741672516
1978-09-01,-1.5905,0.72322,0.84769,-0.93974,-0.12479,-0.76162,-0.35124,0.65021,0.17461,-0.15230000000000002,-0.9848,-1.637828258949419,-2.973202725921297,-3.678598585973754,-4.600198741103259
1978-10-01,1.0314,1.2524,1.0413,-0.15576,0.37367,-0.55747,-0.75697,0.069809,0.20197,-0.9747,-2.0042,-2.2487633788312964,-3.8762393046923895,-5.111731949173418,-6.402855715319479
1978-11-01,-2.4847,1.3604,1.8518,0.71592,0.59848,-0.66443,0.31859,0.27163,0.86335,-0.5499,-2.396,-2.4029322341744623,-4.045511169822867,-4.777085982808925,-5.3947729554924155
1978-12-01,-2.5253,0.82225,0.98079,0.17395,0.64951,-0.35867,-0.64086,0.26626,0.096207,-0.597,-1.5636,-2.832137811274319,-4.6215332078817175,-5.649684185853139,-5.977576624331428
1979-01-01,-4.3573,0.033721,1.2338,-0.82683,0.05035,-0.32405,-0.17664,-0.24571,-1.6446,-0.4984,-1.7328000000000001,-2.199456351622913,-3.593574289266647,-3.6908952656443734,-3.957285085471457
1979-02-01,-4.9737,0.28474,1.0306,-0.34363,0.27399,0.18706,-0.25183,-0.097343,-0.097384,0.22490000000000002,-0.7918000000000001,-2.201944805810891,-3.6702230280409123,-3.584226577396294,-4.6206961501539565
1979-03-01,-2.8627,0.85972,0.47602,-0.25495,0.38216,0.4697,-0.84538,1.213,-0.043582,-0.6843,-1.1417,-1.652503027999915,-3.115631584145124,-3.285019206058501,-4.086020716245212
1979-04-01,-3.2003,-1.1064,1.6028,-1.3836,1.218,-1.8757,0.42426,-0.42539,-1.2018,0.8543000000000001,-0.7316,-1.9025895115647278,-3.331196020338899,-3.569498330852373,-4.193166599937779
1979-05-01,-2.8965,1.1465,0.56954,0.63106,-0.23987,0.4757,-1.5103,0.4902,0.90133,0.1769,-0.3765,-1.5102198737241808,-2.3852725427507027,-2.117465235148773,-2.388166278802256
1979-06-01,-0.60378,0.020794,0.97117,-0.70792,1.8988,0.5947,0.02726,0.83589,0.59891,0.21910000000000002,-0.7146,-0.7257123021038994,-0.5465012908999047,-0.5528678424603445,-0.606184505304773
1979-07-01,-1.7664,-0.3193,1.2806,-0.71532,1.0367,-0.30941,-0.51476,0.41756,0.078101,0.8848,-0.37170000000000003,-0.9143628664489243,-1.3972645719105157,-1.586871758953058,-1.6576634255493605
1979-08-01,-1.6098,-0.89273,1.1195,0.24345,0.5861,-0.81972,-1.7424,0.95992,-1.9441,0.655,-0.46080000000000004,-1.783937022476273,-2.871172376524364,-3.222471523277571,-3.490013822620709
1979-09-01,-3.0272,0.25223,1.0986,0.39966,-0.63843,-0.79436,-0.91045,1.3488,-0.39204,0.7065,-0.3919,-2.299323704698032,-3.368614014276801,-3.973724660056487,-4.034942033628088
1979-10-01,-2.5906,0.17467,3.1208,1.4825,-1.2644,-1.4872,-0.36081,1.6567,-0.2421,1.5053,-1.6481,-3.4652235863038574,-5.59616797976163,-7.167667920876459,-9.183058398739284
1979-11-01,-6.0463,-0.50103,1.7039,0.5773,-0.57295,-0.22966,-0.39154,0.49001,-0.49072,1.8959000000000001,0.1885,-2.348583140744652,-5.044891375721055,-5.4422630850440505,-6.918255748193809
1979-12-01,-2.2939,-0.63842,0.94185,-0.21812,0.31228,1.3486,-0.79111,1.6198,-0.047349,1.8071000000000002,0.8864000000000001,-2.0469445345070407,-3.735517823088921,-4.905421254590286,-5.534671686359961
1980-01-01,-2.9373,-0.36377,1.5187,-0.75202,-1.0491,1.4483,-1.4742,1.1611,-0.50744,1.6874,0.168,-2.6584851047160476,-5.738870032968194,-7.292966542105515,-9.055937364821618
1980-02-01,1.3923,-0.28872,2.0467,1.9682,-1.5383,-1.7897,0.6086,1.0702,-1.7806,1.3556,-0.7252000000000001,-5.067263531046896,-10.141183276422378,-13.545021334905416,-15.433429093621603
1980-03-01,-8.078,-0.92121,4.3213,1.993,-3.0448,-1.4367,0.27362,0.19537,1.0834,5.4019,1.0347,-5.594944081203309,-10.425670763578648,-12.853366927703794,-14.125886192853867
1980-04-01,-3.0604,-4.0876,2.4135,1.223,3.5052,2.6182,-0.46142,0.45399,1.7693,-1.142,-3.5517000000000003,-0.874596116613098,-3.2675986294750965,-3.9328373784543533,-4.553528625094912
1980-05-01,0.64691,-4.7859,-1.7176,-3.2766,3.9941,4.112,-0.96154,-0.94412,1.2236,-6.7405,-4.981,0.4030901444854698,-0.7101854622932835,-1.6046129991272293,-3.3279238386045713
1980-06-01,1.7831,-2.6225,-1.2366,-0.75752,0.70952,1.411,-0.79489,2.1665,-1.2942,1.6478000000000002,2.9249,-0.0582491292109244,-1.0160788103368539,-2.250032043950867,-4.0428009422753295
1980-07-01,0.60901,-1.5954,-0.76866,1.4055,-1.2362,-0.96919,-1.2896,1.8146,-0.83471,3.5278,4.3158,-0.22502829943131658,-1.9804252331673113,-3.7730525753857713,-5.422708723642181
1980-08-01,1.0517,0.45198,0.25608,0.4272,-2.9989,-0.96602,0.079317,1.5683,-1.4539,0.9048,0.6294000000000001,-1.9795123764837095,-4.665902256882718,-7.583255652894327,-10.482044303541386
1980-09-01,1.1926,0.94685,-0.24449,1.3271,-2.1932,-0.31661,-0.86226,1.8169,-0.49154,0.6003000000000001,0.8405,-2.7998052895561356,-5.510360350831861,-8.463425868342217,-11.539047017909173
1980-10-01,-2.6349,0.96784,0.45691,1.4033,-1.406,0.34732,-0.70927,1.9573,-0.88801,-0.16640000000000002,-0.6338,-2.0989550665478083,-3.7555541843832865,-6.146530170614972,-7.722307044103396
1980-11-01,-4.2965,1.0974,2.1315,1.6039,-2.3684,-0.20097,0.14333,3.0446,-1.555,-0.2642,-2.4422,-3.4154212901111896,-6.990685903134514,-9.833749609792571,-11.441001496652023
1980-12-01,-1.7838,0.1938,3.3712,2.0139,-0.79395,0.61956,-1.6863,2.1115,-0.18281,1.3476,-2.0572,-2.296324262918921,-4.819350832895852,-6.618606053548764,-9.285900341380795
1981-01-01,-3.9304,-1.1778,2.5402,-0.89255,1.0155,2.8935,-2.5434,1.9365,0.076506,2.1272,-0.39980000000000004,-2.365085243313761,-4.360397965116393,-5.600383772341684,-7.422607248580626
1981-02-01,0.2548,-0.77951,1.6051,0.14251,-0.93602,0.42161,0.61022,0.7957,0.38827,3.1306,1.5314,-1.0690583856679732,-0.9782775372153801,-3.3220256524091303,-5.610142058450516
1981-03-01,0.61351,-0.49649,-0.13978,0.53051,1.13,1.8158,0.2383,1.0618,-0.26346,1.0872,1.2625,0.48179058168542344,-1.0736668029147993,-3.663807703507875,-4.625586890249143
1981-04-01,-0.27889,-0.10014,1.1946,1.5121,-0.43107,-0.050487,0.51098,2.1092,-1.0926,0.8528,-0.34950000000000003,-3.8593055685225472,-8.380202520699537,-11.628185437899116,-15.073183639739923
1981-05-01,1.0592,0.097381,3.183,2.4295,-2.7511,0.0092625,-1.3597,0.86862,-0.54303,2.4224,-0.8121,-5.3861421255797595,-8.925044577456765,-11.94084942484664,-14.111185029627624
1981-06-01,5.3613,-1.3056,2.1155,-0.095746,0.75805,4.1575,-1.0899,2.1774,-0.30274,2.2698,0.1643,-4.6356836234564005,-9.082274665066898,-12.238058831719343,-16.44197322824993
1981-07-01,-0.023014,-0.38994,2.8919,0.92219,-1.8893,2.167,-0.23666,2.4431,-0.4443,2.5606999999999998,-0.3619,-5.2943564006651735,-9.943875863421487,-13.192974440310529,-15.80128376116225
1981-08-01,2.7777,-1.0867,1.5615,1.8284,-1.1972,0.7941,0.25548,0.95032,-0.90245,3.0152,1.441,-4.56274475648857,-8.597792393736572,-13.030053799159935,-14.230881836692097
1981-09-01,11.781,-1.868,1.1933,-0.062525,-0.76187,0.11004,0.95647,-1.4668,2.9266,6.0345,4.8791,-3.775009762296859,-8.20877448669288,-11.924640064645843,-17.548315896796154
1981-10-01,4.2073,-2.2033,-0.15953,0.9548,0.86154,1.418,1.3632,-0.46388,0.92071,3.7951,3.9993,-1.7506184293191076,-3.892710238257466,-6.7282601339895916,-8.871781076905968
1981-11-01,10.765,-3.0935,-1.168,-1.606,1.8745,4.1168,-0.4128,-1.0189,1.1449,2.0339,3.2694,1.0424325708388333,1.1643558942135535,-1.6612089395084961,-0.3335227010618308
1981-12-01,6.5159,-2.581,-0.027825,0.64655,-0.96642,-0.55141,1.2689,0.331,-0.26036,3.6861,3.7297000000000002,-0.9277286056277978,-3.299477123313749,-5.334640942365684,-7.646465204712835
1982-01-01,5.6995,-2.4439,1.116,1.3172,-3.5142,-2.9137,0.43993,-0.11202,-0.9233,4.8433,3.7006,-1.9791369443230968,-3.621807830893606,-5.884463052581683,-7.321022869188648
1982-02-01,2.586,-0.17197,-0.35313,3.4261,-3.3228,2.7993,-1.0054,1.1304,2.331,5.5966000000000005,5.961,-1.4365585048120884,-1.8215324346691653,-2.5286637162863514,-3.280547955500031
1982-03-01,6.9775,-2.2407,-0.17996,0.80811,0.15432,1.6278,0.35377,1.0267,0.96489,4.1975,4.4174,-1.0174849098544798,-2.345740878049353,-3.301169569800841,-3.9800226130565637
1982-04-01,3.5496,-2.1022,0.013333,0.5106,-1.5355,1.1686,-0.021297,1.7352,-1.5754,3.165,3.1546,0.70469346088744,-0.1587626754100513,0.837875054813661,1.0443254125885315
1982-05-01,3.6598,-1.6791,0.0019139,-1.4218,-1.8806,1.8221,-1.4949,0.87219,0.33066,4.3333,4.3576,0.49341149828282527,0.1316311895014799,-0.4387478843948994,-1.2383649273633641
1982-06-01,1.2625,-1.8308,1.0083,0.65976,-3.5133,-0.25882,0.52993,0.40304,0.84712,6.1161,5.1041,0.10684428613439156,-1.3700373687205198,-1.2859783957438475,-3.0779984306133295
1982-07-01,0.67709,-1.9207,-1.3974,1.6944,0.23855,0.43846,-0.1929,-0.020083,1.4115,4.6384,6.0934,2.6425937932268884,2.2743522292228535,2.931107992612439,3.5848443653858197
1982-08-01,7.3449,-2.5326,-2.2706,-0.11869,1.5194,1.59,1.3747,-0.28798,0.93807,3.0942,5.4431,4.23238590064034,7.6312650328570815,7.348132224447424,8.189457301347257
1982-09-01,2.2012,-1.903,-2.0064,0.19481,-0.14501,1.2673,-1.0671,0.81166,-2.4046,1.6461000000000001,3.6867,5.548748183631943,9.22721955862394,14.381080202672708,15.05040154022993
1982-10-01,5.9486,-2.5148,-1.5627,-1.5917,-0.31149,1.5992,-1.5082,0.59933,-1.85,1.7375,3.336,4.776557851483676,8.520044191153747,11.792016717483614,16.49133141725564
1982-11-01,7.5673,-1.6705,-1.5448,1.0056,-0.043839,-0.015092,-0.78065,1.6436,-0.2028,3.3151,4.9058,2.8906045477489055,7.1307958822631345,7.453979643619564,7.476586647591778
1982-12-01,6.3746,-1.1388,-1.1681,0.31849,0.18959,-0.58963,-0.22535,1.4306,0.47489,3.0759,4.2952,5.011421163154009,8.998426332895482,11.831793232651053,13.68784593583057
1983-01-01,2.7372,0.65851,-1.9711,-0.61257,-1.4762,1.853,-0.93764,2.4724,0.75115,1.2168,3.2314,4.6024964479799815,8.871333287486333,11.51027608217834,14.515332860964175
1983-02-01,4.4678,-0.53593,-0.53033,0.13156,-0.18965,-1.8633,1.0431,1.3585,-0.85022,1.377,1.9336000000000002,5.232062172833352,8.709053869307718,11.99729222706353,13.69948549322901
1983-03-01,0.36106,0.34729,-1.2623,0.44953,-0.94103,0.41875,-1.3769,0.75513,-1.1191,0.1696,1.4518,4.869281308145684,8.62181840691106,11.978643511735083,14.24654431029696
1983-04-01,1.8598,0.77771,-0.67256,-1.2802,-1.494,1.4904,-1.3183,0.06675,-0.17502,0.2137,0.9072,5.023013985225005,8.473016470317987,11.13811214908842,13.433968874612615
1983-05-01,1.9518,0.69023,-1.2156,0.49653,0.27635,0.32051,-0.17538,1.5484,-0.45819,-0.5556,0.6929000000000001,4.032568443862641,7.233962866237914,9.560396504260856,11.586689768298758
1983-06-01,0.53983,1.1731,-0.28333,1.0102,-0.656,-0.75648,-0.65405,0.66751,-0.64079,-0.7345,-0.44320000000000004,4.765396874640479,8.569408590557254,10.852941806693767,14.501737091786229
1983-07-01,3.5039,1.7055,-0.18552,0.12981,-0.77458,-0.1793,0.18944,0.77049,-0.41448,-1.1362,-0.94,3.1424621637831454,5.361429608808212,6.030052101443848,8.134585716917671
1983-08-01,2.6824,0.72039,0.2765,0.12607,-0.48648,-1.2967,0.085023,-0.27735,1.2751,1.0966,0.8451000000000001,1.7155463153986152,3.5260618405921136,5.152300195886604,4.695003091593318
1983-09-01,0.56827,1.9621,-0.65177,0.04846,0.70009,1.855,0.084219,-0.022694,-0.42364,-2.1035,-1.4224,2.0606520710687235,2.7493843864554863,2.3626357383346037,3.7713359530504005
1983-10-01,5.0799,1.0924,-0.58756,-0.47381,0.80405,0.41402,0.14365,0.81312,0.15772,-1.1216,-0.497,0.9686780144200893,1.590109948268803,-0.5747146459109607,-1.849975825875716
1983-11-01,5.1836,1.0756,0.19329,0.099079,0.36266,-0.54108,0.1647,-0.22503,-0.42644,-1.1946,-1.3716,0.5385015208790978,0.5191082425016826,1.2089664822109214,-1.2686083706469091
1983-12-01,3.1207,1.2666,0.043808,0.23432,0.21662,-0.45251,0.63305,8.1152e-05,-0.40958,-1.3002,-1.328,0.24056829506927668,-0.053148366382192724,-0.12090415592520692,-1.8317262724233299
1984-01-01,2.9784,1.7123,-0.56969,-1.0433,-0.63651,1.4887,-0.57094,0.81571,-0.1491,-1.2277,-0.6343,0.46784392094966487,0.6734382907893175,-0.4940770212954998,-0.1357410287353325
1984-02-01,4.0266,1.3981,0.58796,-0.5278,1.6633,-0.83014,0.21693,-0.51905,1.7195,-0.7598,-1.305,-0.1004907382354786,-1.3473425156829546,-1.7474012365879394,-3.5351121298765698
1984-03-01,4.2456,0.91368,0.36109,0.53767,0.0609,-1.0558,0.58735,-0.018403,-0.062478,-0.4484,-0.7957000000000001,-0.4166098919717351,-1.6470465743515517,-3.956401767064794,-4.666317784731527
1984-04-01,3.2376,1.0324,0.4447,0.027226,0.084942,-0.46298,0.11032,-0.12877,-0.22112,-0.8366,-1.2682,-0.9079789909893776,-3.105110274439727,-5.035957608144011,-6.680782626094267
1984-05-01,3.6227,0.94844,0.23937,0.86107,-0.22592,-1.7713,0.50325,-0.07784,-0.61186,-0.6968000000000001,-0.9295,-1.5374106216725845,-4.355783906345384,-6.705704496694656,-8.919608123850841
1984-06-01,5.7975,0.95182,0.41512,-0.075986,0.35829,-0.9149,0.52193,0.30391,0.36521,-0.4526,-0.8461000000000001,-1.241369493852089,-4.441896628591607,-7.076326317063438,-8.51087093156177
1984-07-01,2.8842,0.43607,0.4516,0.1302,-0.21228,-0.14424,-0.66497,-0.81475,-0.012792,0.401,-0.035500000000000004,-0.36424948769623045,-1.7945986592225114,-1.565593042565766,-2.1724603049035727
1984-08-01,3.1684,-0.15423,-0.1904,-0.51007,1.1712,0.70422,-0.43542,-0.0038106,-1.5659,-0.6963,-0.47890000000000005,-0.3505859852218976,-1.2230200156589461,-1.0292415467131901,-1.1530815599539168
1984-09-01,4.4069,-0.098868,0.047333,-0.5389,0.69151,0.076737,0.84274,1.0408,-1.031,-0.11230000000000001,-0.135,-0.15679306063387938,-1.1467360341039068,-2.309434221267326,-1.6796208040748244
1984-10-01,4.7576,-0.042177,-0.61321,-0.7212,0.60061,0.55664,0.033877,-0.66025,0.7329,1.1649,1.8264,1.0228917949119953,1.1435477666785,1.4488702059199652,1.7584855683795406
1984-11-01,5.9709,0.21827,-1.3507,-0.7134,1.7133,1.0857,-0.189,0.68266,0.061244,-0.42610000000000003,0.9834,1.6590803945874213,1.8923608419194395,2.895517380126299,1.9931579086277655
1984-12-01,4.5796,-0.030947,-0.89787,-0.061721,0.24716,-0.1201,0.28928,0.073764,0.8387,1.5476,2.4926,2.2415383639209043,2.8624224274905545,3.7147474857363303,4.404717123090718
1985-01-01,6.5253,-0.19438,-0.59542,-0.74555,0.21932,-0.57964,-0.78913,-0.15921,-1.5098,-0.0869,0.5345,2.303263925069357,2.887763252145245,3.875757913609515,4.065277757487252
1985-02-01,6.2324,0.013428,-0.53007,-0.40004,-1.3167,-0.84425,-0.50618,0.54267,-1.5878,0.43410000000000004,0.9733,1.8809950525371932,2.271540385054639,3.0307631721634394,2.511644442020317
1985-03-01,6.8398,0.56238,-0.41296,0.55528,-0.30826,-1.6625,-0.46439,-0.1592,0.49846,0.7217,1.1619,2.380413325390314,3.6515976494496076,4.967075706294853,5.0123035626935275
1985-04-01,6.4653,-0.48012,-1.213,-1.0598,1.7147,-0.70022,-0.12048,-0.097817,1.0201,1.426,2.7105,3.538057920909203,5.076684899801416,6.85340951946735,7.874383821547844
1985-05-01,6.6096,-0.038034,-1.4096,-0.28456,1.186,0.3442,-0.81013,0.1061,0.0099881,0.34900000000000003,1.8133,5.301513123888977,9.433353305307621,12.946683472110582,16.264369829688253
1985-06-01,7.7202,-0.47643,-1.2535,-1.2982,1.1438,0.45965,0.01986,0.56139,0.29905,1.147,2.4624,5.967889813829242,10.261367071064134,13.226154446186378,16.29795435369555
1985-07-01,8.6885,-0.44009,-0.37298,-0.50524,0.76337,-1.4532,-0.71542,0.092815,-0.059532,1.1724,1.5865,4.7477323910003975,7.714025681808959,9.623768013837699,11.073361659396255
1985-08-01,6.436,0.4267,-0.65773,0.084901,0.20193,-0.49473,-0.67207,0.78138,0.89435,0.8699,1.5683,4.541752183893162,7.324133121532532,10.2153320263267,11.664203438583197
1985-09-01,5.1135,0.21981,-0.48868,-0.13225,-0.28847,-0.6859,-1.0552,0.47519,0.41624,1.087,1.6080999999999999,4.3941056499222375,7.27836467709894,9.867487582070451,11.145260339251868
1985-10-01,3.6899,-0.22019,-0.039911,-1.9487,0.75503,-0.91394,-0.28506,0.0074838,0.69773,1.1304,1.2184,3.753644208133802,6.078988887381692,8.076388385617895,9.030039576626953
1985-11-01,2.6354,0.11881,-0.91573,-0.81765,0.54863,0.28444,-0.85681,0.566,-0.58156,-0.10830000000000001,0.8466,3.2856586780820263,5.727839076941288,8.727679238314353,9.776988134556582
1985-12-01,1.6089,0.17695,-0.74866,-0.3298,0.85398,0.6242,-0.64641,1.5544,-0.60106,-0.30710000000000004,0.4786,3.075837194684511,6.436243881990598,9.10753285762505,12.09975679540443
1986-01-01,2.2393,0.57364,-0.59056,0.64828,0.57019,0.038356,-1.596,0.67388,0.80337,0.4559,1.0854,2.94053405784583,5.829577492137833,8.713843770902102,10.23218666548692
1986-02-01,0.37587,-0.86221,-0.66818,0.81533,2.7568,-1.1965,-0.3112,0.77461,-0.14787,0.8627,1.5881,3.7427019675019086,7.592672458243076,12.209479392149182,15.323488893366877
1986-03-01,0.94084,-0.47433,-1.0478,-0.38197,2.8111,0.21634,-0.35369,1.1227,-0.88639,-0.5483,0.5581,4.052231113633968,8.72360363044129,13.69888529331485,16.888632223641032
1986-04-01,2.1587,0.080378,-0.83882,-1.6008,0.68714,0.34264,-1.5177,0.84355,-0.089188,0.1148,1.0007,4.111952403401712,8.299434804635972,12.53695830313934,15.867497052521577
1986-05-01,3.534,0.11049,0.28431,-2.9243,-1.4107,-0.88372,-0.59758,0.89533,0.061913,1.1311,0.8693000000000001,2.5973033188193955,4.985473564287246,7.900864416681003,8.431905970284188
1986-06-01,2.9762,-0.28826,-0.34187,-0.41661,-0.47913,-1.1133,-1.3447,0.75454,-0.43747,1.3522,1.72,3.072721428092405,6.517162786723431,9.543186549016019,11.092554382741062
1986-07-01,2.5655,0.21417,-0.80464,0.64219,2.1902,0.13086,-0.054614,0.97242,1.1552,0.3967,1.2615,3.3205588111238082,7.324068346411752,10.74342451692746,12.769235503029241
1986-08-01,2.7817,0.0080107,-0.4442,-1.1827,0.39739,-0.27477,-0.82039,0.3484,0.10989,0.632,1.1166,4.197184457727878,7.744339681125932,11.92808425155966,14.360697888903657
1986-09-01,2.5506,0.34239,-0.45099,-0.7167,-0.48965,-0.077612,-1.5034,0.27023,0.41539,0.8886000000000001,1.3715,3.5658654122886544,6.842801647927234,10.433449291957043,12.40506709449683
1986-10-01,1.0847,-0.057164,-0.065873,0.19096,0.76279,-0.99552,0.65265,0.19855,0.46553,1.0586,1.1612,3.644153542246785,6.6032369854408,9.885632358235508,12.61148089290354
1986-11-01,1.2301,0.15962,-0.26823,-0.30727,-0.23745,0.0014654,-0.18479,0.75245,-0.53525,0.3971,0.6881,3.183223773888366,5.839432081570471,9.216599973091931,11.735997285832598
1986-12-01,-1.1585,0.61894,-0.51477,-0.33625,0.014378,0.59083,-1.1392,2.5206,0.35912,0.18030000000000002,0.7282000000000001,2.165202387376983,4.407432081515006,6.742308178166885,9.093990630335808
1987-01-01,1.4895,-0.51554,0.78436,-2.493,0.71193,-0.8917,-0.81616,-1.4098,-0.65182,0.508,-0.2469,2.1672714568513913,4.683508763243879,6.938130090047609,9.013387691815028
1987-02-01,0.65423,1.1694,-1.2489,1.2652,0.20867,0.74632,-1.5526,0.69512,-0.63075,-1.1674,0.1076,1.7441040402908365,3.245491012194779,4.809946379802494,6.19513565429101
1987-03-01,-0.17637,0.31216,-0.31659,-0.058718,0.92278,-0.44824,-0.13695,0.21785,-1.1802,-0.9701000000000001,-0.6284000000000001,0.6817745238086592,1.5610214216002256,2.2502223918562922,2.671966454738524
1987-04-01,2.8852,0.64905,0.48946,-0.81749,-0.26098,-0.98648,0.65913,0.45091,0.022495,-0.0562,-0.5285000000000001,0.07045998634184203,0.4358629488786264,-0.14288246661093712,-0.5370070395352665
1987-05-01,2.2446,0.74265,0.42153,0.81243,-0.13939,-0.8273,0.040667,-0.18696,0.48033,0.3798,-0.0257,0.6905776529760155,0.864619666050588,1.7668688642389991,1.6123054642047774
1987-06-01,1.5258,0.39156,-0.13085,-0.28113,-0.25766,0.32894,-0.77586,-0.41672,-0.79132,-0.1729,-0.0251,0.3043296785137026,0.24085179077062008,0.4709298337156054,-0.18796722308957528
1987-07-01,2.7529,0.71786,-0.31547,0.36788,0.43197,0.31074,0.1144,-0.04099,-0.89306,-1.0436,-0.7086,-0.19645220861875395,-0.03273256297366828,-1.023491873286523,-1.1883430437435463
1987-08-01,2.7892,0.62982,-0.095406,-0.61512,-0.57446,-0.23765,0.23637,0.48796,-1.3538,-0.8691000000000001,-0.7648,-0.8088511244658536,-2.139568865499275,-3.721700013945865,-5.406452455644796
1987-09-01,3.564,0.56129,0.55793,0.43712,0.11711,-1.6213,0.5177,-0.15203,0.73091,0.6389,0.10210000000000001,-1.0624592685576362,-2.5378958949115438,-3.6208248494632707,-5.479902465313879
1987-10-01,5.3205,1.2656,0.69542,0.2994,-0.045526,0.33756,1.3894,-0.63683,3.4124,1.7988,1.1428,-0.0626068392019119,-1.3586860326962207,-2.600951785698531,-3.6830183647944095
1987-11-01,3.1634,0.41602,0.038808,-0.73189,1.3894,0.17807,0.0094286,-1.9395,4.0909,2.5208,2.5556,-0.3891607353151382,-1.7804673927798151,-3.125811612213404,-5.077072986361844
1987-12-01,1.267,0.55144,-0.039451,0.4596,0.66024,-0.18858,0.52372,-0.97425,0.3939,0.0911,0.16060000000000002,-0.7093688060158629,-1.8199018642217193,-3.175072599525709,-3.9609513974540205
1988-01-01,1.7821,-0.2374,0.02884,-1.0225,0.043831,0.68738,1.3525,-0.15996,-1.7995,-0.1872,-0.2005,-0.23399660874538417,-0.8438753851330506,-1.3930791589228275,-2.5229072219820536
1988-02-01,1.383,0.49476,-0.58223,0.32122,1.1319,1.3168,-0.39263,-0.49911,-0.55541,-0.8405,-0.2252,-0.028473317883593446,-0.6292203716124455,-1.1031803118362418,-1.920499205919716
1988-03-01,1.2673,0.35123,-0.26832,-0.82625,-0.14857,-0.096487,-0.69951,-0.34772,-0.78304,-0.2607,0.0297,-0.12874898158254725,-0.6374999607078533,-1.4161357344117915,-2.0291552583700736
1988-04-01,2.4742,0.71388,0.60408,-0.99543,-0.46721,-0.35946,0.56436,-0.40981,0.45442,0.26130000000000003,-0.3246,0.5498303243199096,0.6374513890758993,0.5479376692949595,-0.15656958211527627
1988-05-01,1.7692,0.035729,0.31192,1.2024,0.2357,-1.1362,0.71458,-0.12305,0.53081,1.433,1.1447,0.4613675854822877,0.36044536336392874,0.14599313687654047,-0.5886767556095157
1988-06-01,1.0712,0.60754,0.24541,-0.51156,0.027355,0.27168,-0.28003,-0.65088,-2.0776,-1.7136,-1.9562,0.36471759391840247,0.34934671338359286,0.3757303206252949,0.48535152469711684
1988-07-01,1.297,0.19817,0.78131,0.07912,-0.53721,-0.44055,0.28347,-0.27806,-0.54806,0.5623,-0.2137,0.12713345430577783,0.04335693089634052,-0.14747222184584158,-0.3208472125342768
1988-08-01,1.3056,0.15208,0.41385,1.1297,-0.097139,-0.69655,0.1346,-0.24259,0.43298,1.3352,0.9396,0.19182885042530878,0.17111127914156837,0.09639253622576449,-0.08438628415195354
1988-09-01,1.0386,0.062318,0.28645,-0.63663,0.2004,0.25137,-0.18404,-0.52097,-0.040625,0.6346,0.3739,1.0246536602034366,1.8803566137527539,3.0666346083674108,3.9654154532967
1988-10-01,0.43864,0.43767,-0.48462,0.15344,0.96853,0.76972,-0.19434,0.44725,-0.28567,-0.47800000000000004,0.0405,0.6504813833242917,1.2114368069433168,2.2784309738674042,2.414672253132133
1988-11-01,0.83175,0.39408,0.46038,-0.24578,0.49756,-0.60833,0.35668,-0.39207,0.84646,0.6588,0.2286,-0.2350515040888776,-0.26772968486702686,0.26709924122812617,0.48719274208065544
1988-12-01,0.84603,0.63351,0.26506,0.077914,-0.38733,0.052594,-0.32054,0.091511,-0.90974,-0.5141,-0.7721,-0.8562570238527717,-1.4542503887019747,-1.7391278977047508,-1.6921579623541212
1989-01-01,0.51447,0.44065,0.57908,-0.3293,-0.30812,0.31509,-0.57262,-0.42126,-1.1617,-0.5183,-1.0931,-1.3235532177526848,-2.4097075106134085,-2.9906977448332177,-3.8480895245328175
1989-02-01,0.92554,-0.20866,1.0159,0.25706,0.93173,-0.5318,0.9563,-0.6989,-1.4189,-0.2155,-1.2229,-1.9538953931434038,-3.516022327918182,-4.704831987784264,-5.931828129361369
1989-03-01,0.53786,-0.011444,1.1273,0.084582,-0.73038,0.056797,0.3851,-0.1713,-0.33834,1.1917,0.0671,-1.908129211903801,-3.2145945604067605,-4.089732975354364,-4.357907862924202
1989-04-01,0.68318,-0.20714,0.40072,-0.8996,-0.62875,0.93572,-1.02,-0.18838,-0.45125,1.2021,0.8181,-0.9071208231590883,-1.6052310574451292,-1.6560458149183985,-1.7201801372274867
1989-05-01,0.035277,-1.0299,0.69475,0.83865,1.3499,0.0016963,0.37601,-0.063862,-1.3282,0.9883000000000001,0.3124,-0.32339044197189915,-0.057099722907967554,0.5834663152095604,1.2177478559568051
1989-06-01,-1.3596,-0.62819,0.047116,0.54826,1.3975,1.3521,-0.21263,0.49791,-0.31425,1.1086,1.0972,0.10360307721899581,0.7871241233228105,1.4867792374420084,2.6144545181191177
1989-07-01,-0.23166,-1.2596,0.38868,-0.92416,1.311,-0.02208,0.10713,0.80886,-0.76679,1.3989,1.0455,1.0238124052769901,2.522542374478526,3.7767579953506742,5.303048563586386
1989-08-01,0.46676,0.052899,-0.40924,1.6854,-0.080765,1.1796,-0.81347,0.91007,-0.2984,1.034,1.4638,0.6929247228206468,1.1183549434379687,2.190207054591818,3.02694235852905
1989-09-01,0.48017,-0.82148,0.61543,-0.84964,-1.2724,0.21226,-0.61978,0.24767,-0.50697,2.5151,1.9113,0.2555055586486374,0.543307204022718,0.782984750531053,1.4604290759962348
1989-10-01,0.44492,-0.69162,0.3831,-1.0898,-0.10497,0.3849,0.0038912,0.38651,0.44163,2.3436,1.9934,0.5033498827897567,1.048056826157537,1.4996539375244478,2.0822066841559614
1989-11-01,0.08299,-0.25897,0.068414,0.96842,0.45459,0.69584,-0.44011,0.18283,0.56918,1.7975,1.7607,1.151166782299433,2.294009559532882,3.5637417418120223,4.452541002360595
1989-12-01,0.52771,-0.30256,-0.29428,-0.034449,-0.71323,1.0094,-0.38014,0.72091,0.08955,1.9836,2.3045,1.225423902201042,2.599523561122029,3.7108817762363953,4.960079564112756
1990-01-01,0.31318,-0.043821,1.0542,-2.5987,-0.82511,-0.93056,-0.42276,-0.091936,-0.29376,0.848,-0.19210000000000002,0.852459462073897,1.5134983961865134,2.1402311263355194,2.403188215185635
1990-02-01,0.76423,0.2438,-0.35302,2.8227,0.48012,0.18946,0.13637,0.67269,1.7471,2.169,2.5589,1.2184929554385937,1.9174907395927172,2.882993560101647,3.0017796753265715
1990-03-01,1.4885,-0.076444,-0.079268,0.78517,-0.95231,0.46726,-0.12291,-0.1974,-0.93507,1.0976,1.185,1.122382347804736,1.8154676147442692,2.123273082077237,2.668966125275052
1990-04-01,1.8796,-0.85006,0.28364,0.42372,-0.052601,-0.29818,1.2314,-0.1447,0.0001082,2.4841,2.2258,0.5667383971140583,0.4998040994425995,0.29289932378858546,-0.19633502686922932
1990-05-01,0.85132,-0.58747,-0.17483,0.51867,-0.16415,0.32427,-0.14343,-0.98568,-0.045472,2.1332,2.336,0.32323993359225367,0.45199362758461953,0.5145316568609587,0.11889070866532014
1990-06-01,0.67767,-0.46303,-0.31507,-0.72945,-1.0578,1.3903,0.049598,0.27965,-0.084298,2.1848,2.5263,-0.2537613070412767,-0.4733496131630391,-1.107977412872886,-1.3060242084561149
1990-07-01,0.10418,-1.1074,-0.043349,0.12114,0.05111,0.098257,0.21315,-0.21198,0.37137,3.0006,3.0798,-0.5448662156454023,-0.7153245390917842,-1.4346703125123699,-2.211244273735402
1990-08-01,1.3867,-0.90901,0.58208,-1.3922,-1.8104,0.41347,-0.29191,-0.5303,3.3547,5.8143,5.277,0.7389945633778747,0.6391872897421782,0.21301843065474613,-0.764412512692332
1990-09-01,0.98989,-1.0408,0.51906,0.53419,-1.073,0.23089,0.76692,-0.35105,1.6924,4.645,4.1555,0.6963300973427289,0.8580802027380569,0.5938495267774249,-0.21267533495280821
1990-10-01,0.59845,-1.6116,0.6019,0.23145,0.06109,-0.10148,-0.17233,-1.6913,1.5414,4.4153,3.8522,0.14970350938692534,0.3672327291377092,-0.06817332346701344,-1.0573774800923517
1990-11-01,0.42465,-2.2416,-0.090327,1.6042,1.3773,-0.64622,1.0398,-0.28042,-0.25396,2.7103,2.8353,0.17032625560755993,0.4996283837286078,0.4117353638373192,-0.29091722522752855
1990-12-01,0.22504,-1.5648,-0.37967,0.35459,-0.64849,0.87832,0.9623,-0.44919,-1.2732,2.643,3.0423,0.7950241420212625,1.5048694621662557,1.482736871349033,1.1653575601343003
1991-01-01,1.8099,-1.9154,-0.11523,-0.094541,-1.3679,0.90867,0.7708,-1.2706,0.77882,4.7386,4.8839,1.5113370178792302,2.585438973145103,3.2991260774277094,3.406347068499628
1991-02-01,1.8812,-2.0601,-1.7269,1.4104,0.32209,0.56544,0.12048,-0.069353,-1.7525,2.1347,3.8964,1.9344135751574523,2.964737310258843,3.9005609451510117,4.023508297717814
1991-03-01,1.6457,-1.6009,-0.66933,1.223,-1.9921,-0.14493,0.69262,-0.063518,-1.8612,3.1394,3.8122,2.3218372928920954,3.4267520930586812,4.190679745691147,4.2271459764105
1991-04-01,2.7092,-0.91141,-1.1713,-0.13396,-2.3907,0.89355,-0.024807,-0.17546,0.17896,3.9354,5.1353,2.7836381129049266,4.621899736152237,5.8761181262665785,6.188581013164087
1991-05-01,2.0229,-0.73414,-1.0786,0.3962,-2.2469,1.2513,-0.11832,-0.41264,1.4375,4.6601,5.7754,2.2306046208684234,3.429816057805875,4.570996968435261,4.495153332530342
1991-06-01,2.9552,-0.2468,-0.84071,1.677,-1.6948,0.52165,1.6286,0.31329,0.16755,2.8182,3.6778,1.842787042597914,2.7728445809896862,3.0555112695792404,2.6908510210508636
1991-07-01,2.5868,-0.48753,-0.97443,0.69776,-1.0406,0.2535,-0.070849,-1.0634,-0.14275,2.4291,3.4321,1.6513392915592187,2.537875769347274,2.8067456375680435,2.446679829121941
1991-08-01,2.2278,-0.8524,-0.78143,-0.66898,-0.60197,0.9156,0.75734,-1.0714,0.16343,2.7267,3.5481,2.537069921802751,4.1262467412853026,5.727032430022202,6.278937648503552
1991-09-01,2.6913,-0.15093,-0.90365,0.40788,-0.85529,1.2397,0.67225,-0.996,1.198,2.7401,3.684,2.7667891237305966,4.702962047092687,6.495632571872288,7.457956388825725
1991-10-01,2.5326,-0.96929,-0.56913,0.26314,-0.14796,0.086347,1.2735,-0.75599,0.73521,3.2401,3.8521,2.595798968238082,4.734281333756853,6.426563812997473,7.273441836375509
1991-11-01,2.117,-0.90514,-0.64906,-0.77719,-1.0432,0.53183,0.51477,-0.91595,0.62057,3.3836,4.0722,2.6221137644121777,4.618471814628196,6.327257612334414,6.5718312254281015
1991-12-01,2.9246,-1.2665,-0.76275,0.19367,0.46724,0.19455,1.0109,-0.87056,0.63915,3.1693,3.9828,3.0264062336292836,5.550606629270255,7.430685808411325,8.201044163357924
1992-01-01,5.0697,-0.97723,-1.4955,0.74306,0.0037785,-0.13273,-0.19652,-0.26337,-1.6138,1.4466,2.9749,2.884585743669224,4.805147703196942,5.89199017911455,6.022536658138098
1992-02-01,3.5629,-0.016073,-0.8161,0.10529,-2.2,0.32447,1.0555,0.47022,0.72264,2.8537,3.6941,2.902923494130183,4.511516719938713,5.840989284524165,5.8497563517685185
1992-03-01,5.7584,0.19802,-0.83342,0.79022,-1.865,-0.20319,0.37127,-0.89237,-0.19443,1.7179,2.5661,2.972911392501096,4.214837338537428,5.0678693042088465,5.3119343925650595
1992-04-01,4.4814,-0.043933,-1.1514,0.61256,-0.77446,0.76292,0.73528,-1.2209,0.73643,2.1941,3.3839,2.792530729587205,4.204817530206815,5.263036586321199,5.107425900857429
1992-05-01,3.0718,-0.30609,-0.86817,0.013124,-0.63896,0.20473,0.72282,-0.68122,0.66901,2.4012000000000002,3.3088,2.9933418680029487,4.5399754229996905,6.141170522425212,6.595577931641869
1992-06-01,3.1726,-0.5307,-0.68878,-0.081959,-0.54096,-0.14123,0.38581,-1.2882,1.0082,2.9576000000000002,3.6892,3.3342304130988207,5.982505147310353,8.047491113282597,9.026210098178948
1992-07-01,3.508,-0.26865,-1.4954,-0.0050688,-0.0070665,1.2146,0.61612,-0.98953,1.4305,2.5612,4.1156,3.633617589810117,6.421752432357766,8.895129056958883,10.130817629178143
1992-08-01,3.0112,-0.62651,-0.69368,0.03559,0.23945,-0.39653,2.1017,-0.22288,-0.02728,1.8914,2.6250999999999998,3.5264896091950897,6.098934888145463,8.506994209233042,9.490251886849373
1992-09-01,1.7931,-0.50048,-0.81785,-0.11672,-0.88916,0.35508,-0.87994,-1.4387,0.56747,2.7619,3.6173,3.375819458915166,6.034120621341223,8.31338970685786,9.04553238633332
1992-10-01,2.7422,0.13045,-0.79664,0.46877,-1.9619,0.4135,1.0981,0.27683,-0.059859,1.9329,2.746,2.4588793601466903,4.151072627955347,5.718030529750144,5.74328097866921
1992-11-01,4.146,0.10346,-0.70898,1.4521,-1.34,-0.49142,1.1114,-0.87809,-0.79926,1.2359,1.955,2.0025937302913617,3.1133526485138687,4.351999181112408,4.287108839757021
1992-12-01,3.21,0.03205,-1.4814,0.76317,-0.59971,0.11643,0.60955,-0.35556,-1.2955,0.4308,1.9369,1.638703228215662,2.359507798813814,3.3522918613651025,2.6948360884163947
1993-01-01,1.0814,0.059446,-0.52513,-0.58406,-0.47833,-0.066856,0.20364,-2.5899,1.2097,1.9955,2.5620000000000003,2.3009800412919676,4.489549139638927,6.312586852418453,6.84730095323296
1993-02-01,0.7967,0.052761,-0.84299,-0.18865,-0.23119,0.49635,0.8127,-1.2746,-0.26333,0.8064,1.6819000000000002,2.7694605800274155,5.233217366568629,7.825340427954649,9.085852162429447
1993-03-01,1.9404,-0.65182,-0.52693,0.17137,0.020842,0.038348,1.2208,-1.4492,0.54494,2.5193,3.0871,3.1644756310444873,6.292623536334274,8.89169686098358,10.134902675490407
1993-04-01,1.4194,0.080784,-0.69731,-0.41564,-0.58311,0.60101,0.59008,-0.70823,0.78376,1.7219,2.4572,3.1169642119047345,6.253537669111575,9.024621312568035,10.866094347193394
1993-05-01,0.83933,-0.27903,-0.58303,0.011926,0.24854,-0.25053,1.5995,-0.078277,-0.038755,1.3074,1.9271,2.4564334613164074,4.78209687687517,6.977158987538804,8.88000952983763
1993-06-01,0.17856,-0.24747,-0.79836,1.1509,-0.34709,-0.43824,0.12108,-1.1043,-0.14806,1.7156,2.5426,2.0352640604084966,4.330612745034051,6.722253516348833,8.494066633095587
1993-07-01,0.072819,-0.019345,-0.46718,-0.19577,-0.68372,0.39196,0.65545,-1.1086,0.18719,1.5317,2.0276,1.6555930343806848,3.2222870547819555,5.076389922612595,6.313335030835793
1993-08-01,-0.17498,-0.21049,-0.89961,-0.27379,-0.35443,-0.035008,0.34912,-0.50433,-0.3364,1.2538,2.1871,1.4286335371208936,3.1247381519549924,5.251663601625302,6.720880305142034
1993-09-01,0.4536,0.12894,-0.95399,0.1236,0.11226,0.63543,0.36112,-0.4234,0.71316,1.2883,2.286,1.0709315726951096,2.40940679382195,4.204052012076865,5.493002356296432
1993-10-01,0.63576,0.36701,-0.45632,-0.90219,-1.368,0.31112,-0.14129,-0.82271,-0.15568,0.8743000000000001,1.3509,1.8563472747210015,3.7302920550026943,6.136075534214017,8.106408662465833
1993-11-01,0.67849,0.37892,-0.57518,1.0116,-0.29844,-0.67198,1.1404,-0.15955,-0.19664,0.5629000000000001,1.1604,1.92424861659831,4.022683286135669,6.347560378829133,7.672241887730539
1993-12-01,0.0079913,0.65473,-0.8985,0.68554,-0.1013,-0.035051,0.64465,-0.093913,-0.37523,-0.1884,0.7362000000000001,1.71021077422037,3.5709238142938964,5.682441499867537,6.838910710101914
1994-01-01,0.37773,0.064078,-0.60845,0.019952,-0.27949,-0.47819,0.20726,-1.3958,0.36801,1.3375,1.9799,1.462198402578982,2.7449211664254047,4.187467200530878,5.928614111893689
1994-02-01,1.1584,0.13637,-0.28027,-0.092113,-1.005,-0.63441,0.13432,-0.75044,-0.30585,1.0882,1.3864,0.46010005684278543,0.6797333384533727,1.4032453217520773,1.8601944977614124
1994-03-01,2.8109,1.0779,-0.41699,0.39633,-0.86941,-0.36625,0.65445,-0.6912,1.2527,0.8469,1.2913999999999999,0.001452016105257109,-0.2082436542194241,-0.5043944617573348,-1.0379345350866647
1994-04-01,3.0905,0.7271,-0.13207,0.61791,-0.41355,-1.1212,1.6207,-0.77772,0.81108,0.7778,0.9344,-0.7205716242356851,-1.6164033562923155,-2.2887753791144867,-3.2292356876585124
1994-05-01,2.5293,0.93613,-0.35485,-0.030392,-0.50575,-0.60519,1.0412,-1.204,-0.40387,-0.523,-0.1509,-0.5623140290884673,-1.4918304211327202,-2.2898733471846615,-2.8485728809217354
1994-06-01,2.0607,0.54455,-0.34223,-0.52602,-0.40672,0.13378,0.12311,-1.7602,0.3603,0.5036,0.8745,-0.9611931261964902,-2.467821911359013,-3.6798658168826583,-5.179647916163026
1994-07-01,1.7458,0.39098,-0.16124,-0.58747,0.05464,-0.78749,1.5175,-1.2312,0.47133,0.5652,0.7589,-0.6066231424099018,-1.7268505264788545,-2.83429246550741,-3.469461320318089
1994-08-01,1.6086,0.7195,-0.70078,0.33528,-0.31321,0.19577,-0.073508,-1.2613,-0.31461,-0.1841,0.5402,-1.1538652535224254,-2.8441096877788583,-4.464324845793399,-5.698095435083912
1994-09-01,2.0088,0.46757,-0.1875,0.54366,0.63941,-1.0303,1.2705,-0.88612,-0.25444,-0.2449,-0.031400000000000004,-1.5519928463927266,-3.7653973502429903,-5.572030384624142,-7.653132610858296
1994-10-01,2.2996,0.82391,-0.53522,0.61894,-0.59152,-0.55049,1.0604,-0.80715,0.14255,0.2222,0.779,-1.624092129809351,-4.028013755799119,-6.129017854713399,-8.35917866473171
1994-11-01,2.3828,0.97226,0.17626,-0.61339,-0.62801,-0.34,0.94606,-1.5949,0.041911,-0.266,-0.4264,-2.127199865978988,-4.551758326773924,-6.54169698498751,-8.370813499796824
1994-12-01,2.5489,0.92619,-0.45907,0.62066,-0.5404,-0.043558,0.88343,-1.3708,0.33214,0.1942,0.6756,-2.3670525065573362,-5.253689358027196,-6.898838958308712,-8.38862847883795
1995-01-01,1.8244,0.42033,-0.20875,-0.33139,0.014302,0.21063,0.72676,-1.8933,-0.001582,0.22290000000000001,0.45890000000000003,-2.1069208878970738,-4.464103639898414,-6.475140233230061,-7.982400208929281
1995-02-01,0.81728,-0.12475,-0.10525,-0.080945,0.41341,0.081953,0.70054,-1.5632,-0.77049,0.3733,0.5034000000000001,-1.1386105613196502,-2.3276458987122397,-3.094908744271882,-3.712622888770755
1995-03-01,1.1519,-0.29404,-0.25221,-0.39575,0.79504,0.37583,0.64003,-0.9578,0.97497,1.7271,2.0271,-0.49275946349692445,-0.8292950355704765,-1.0218001549841447,-1.1372271575722959
1995-04-01,1.0426,-0.58621,-0.022341,-0.96997,0.16092,0.15864,0.60761,-0.73027,-0.11737,1.6209,1.6774,0.13843476264481513,0.4082569839536282,0.8226593915485407,1.0093127587577764
1995-05-01,-0.47552,-0.6806,-0.63601,0.64939,0.31362,0.57493,-0.14939,-0.1661,-0.15117,1.9491,2.6218,0.8570521525825319,2.102389830644185,3.296487572645803,4.487828055264872
1995-06-01,0.48135,-0.13071,-0.42237,-0.1848,0.41388,1.2972,-0.057641,-0.50206,-0.21645,0.7901,1.2467,1.1836455006776743,2.330313379186438,4.10642852733714,5.557338593989186
1995-07-01,1.1556,-0.63676,0.12865,0.13837,0.20428,-0.6944,0.38092,-0.0069212,-0.99312,1.2038,1.0957,0.9304999295410177,1.7772617735770269,2.7691528035480513,3.7342851102170753
1995-08-01,0.43753,0.46564,-0.44184,0.84705,-1.4989,0.91127,-0.48408,0.37832,0.46976,1.5848,2.0436,1.076923415516385,2.1170563630397092,3.254211721294744,4.390631068930449
1995-09-01,0.2723,0.03867,-0.34433,0.19787,0.063614,0.67869,-0.21339,-0.21238,0.14405,1.0462,1.4215,1.4600387982950034,3.063418689607786,4.798031251856699,6.511441880505359
1995-10-01,-0.065559,-0.51728,0.032155,-0.65099,0.079485,-0.20676,0.055508,-0.43411,-0.26713,1.5002,1.4978,1.9057495379998464,3.9558577451569272,5.990043412632763,8.046530571279137
1995-11-01,-0.42805,-0.35172,-0.47589,0.79648,0.076578,0.28025,-0.53797,0.33983,0.14754,1.8123,2.3211,2.3589091137895215,5.149144943445467,7.546032853686996,9.690888624961227
1995-12-01,-0.50733,-0.088044,-0.50181,-0.26662,-0.69466,0.86024,-0.3178,0.6389,-0.55974,1.0685,1.5934,2.783488559045559,5.7285646227452425,8.111720960013706,10.056557639417528
1996-01-01,-0.67371,-1.1494,0.56183,-1.0035,-0.33622,-0.64581,-0.071129,0.13687,-0.28863,2.5606,2.0227,2.616846931977064,5.454135911720676,7.751259277492975,9.78501699341296
1996-02-01,0.30636,0.52472,-0.81491,1.3919,0.088211,1.2203,-0.58903,0.35989,0.028353,0.3473,1.1903,1.8450225091187962,3.3602237291585304,4.781541469725684,5.933029280487063
1996-03-01,0.94568,-0.31248,0.087796,-0.57564,-1.0545,-0.93226,0.75206,1.0508,-1.0944,1.186,1.109,1.5730827414497315,2.742437847474488,3.7697517969393965,4.4566829568549196
1996-04-01,1.4974,0.31845,-0.49316,0.65882,-0.94629,-0.015602,-0.27392,0.080372,0.85405,1.7749000000000001,2.2953,1.1873772944719945,1.7856352497901364,2.344593473656072,2.502342016071826
1996-05-01,1.8981,0.36602,-0.46504,0.85135,-0.10845,0.040869,-0.42084,-0.39531,-0.029745,0.5754,1.0652,0.1810808032261732,-0.37611579089664793,-0.9642889094875456,-1.7634816044789892
1996-06-01,1.6934,0.66621,-0.60984,0.50213,-0.29409,-0.052178,1.2326,0.62821,-0.25135,-0.0347,0.5978,0.2128686832208196,-0.16170623472038584,-0.6661407786671923,-1.4397712700204512
1996-07-01,0.99833,-0.11933,-0.051994,-0.1954,0.081129,-0.45423,-0.34506,-1.0756,1.0373,1.9213,2.0113,0.13106191258326558,0.09513771577291386,-0.21583979056536487,-0.9346829888361177
1996-08-01,1.98,0.28714,-0.79194,-0.071038,0.14007,0.2808,0.17216,-0.24071,-0.13405,0.3183,1.1444,0.05657058681391644,-0.47497883630991805,-1.1112419823907989,-2.0633831844900823
1996-09-01,1.4421,0.36949,-0.19007,-0.2069,-0.96608,0.14148,0.25167,-0.23092,-0.44045,0.5492,0.7542,0.12221432976491364,-0.17087799405319584,-0.5947485357088791,-1.4607127745297634
1996-10-01,0.69163,-0.16599,-0.52081,-0.12957,0.39152,0.43714,-0.26592,-0.88105,-0.56074,0.6082000000000001,1.1613,0.10351038404383048,0.09729391991089714,-0.07471199783128935,-0.7655266337951543
1996-11-01,0.085438,0.37799,-0.77699,-0.22035,0.098311,0.94409,0.14098,-0.0049066,-0.24473,0.07830000000000001,0.888,-0.1411105470842451,-0.2508026363457483,-0.42590525478623864,-0.8936804680117226
1996-12-01,0.87454,0.14633,-0.054787,0.03699,-0.48649,0.070015,1.132,0.11447,0.051594,1.0747,1.1515,-0.38013044051062317,-1.1092304756216975,-1.8452512254761286,-2.8786346870840114
1997-01-01,0.60831,0.0051801,0.029714,0.55936,-0.29702,-0.63628,0.55459,-0.67851,-1.1121,0.4087,0.3899,-0.6416192656323718,-1.5019920821438548,-2.3375251514474344,-3.284510296774333
1997-02-01,1.1527,0.78534,-0.87126,0.94495,-0.56477,1.0193,-0.25531,0.035085,-0.35103,-0.0567,0.835,-0.0072993203727785005,-0.6700316561381848,-1.108873657606311,-1.8196863301360209
1997-03-01,1.8643,0.37654,0.12442,0.60543,-0.046159,-0.37832,0.90885,-0.15048,0.4289,0.8304,0.7289,0.047438645220960335,-0.5229070393029098,-0.9458665479536283,-1.7541571561258997
1997-04-01,1.2007,0.29292,0.13356,0.26213,-0.43358,-0.45419,0.42523,-0.53599,0.60375,1.262,1.1515,0.5351846631401092,0.46947398041920285,0.5451858701438405,0.2731641336924918
1997-05-01,1.3313,0.1598,-0.62462,-0.42101,0.58262,0.32168,0.5456,-0.31247,-1.1821,-0.5868,0.0664,0.8426675761744794,1.1818909316793198,1.5819964707949643,1.5864085935171808
1997-06-01,1.2233,0.27937,-0.51817,-0.66112,0.0010256,0.78379,0.094803,0.0022871,-0.6786,-0.1153,0.43010000000000004,0.7639497786101845,1.1005204416997303,1.3306175049349585,1.133007726019661
1997-07-01,-0.27135,0.32528,-0.66462,0.27826,0.26018,0.68407,-0.168,0.15884,-1.4097,-0.7307,-0.0456,0.8563637033158343,1.7804946839184175,2.686053336749867,3.4275824990317205
1997-08-01,0.80182,0.49976,-0.051712,-0.33853,-0.98935,0.61846,0.78708,0.29368,0.53295,1.0732,1.1464,0.9398910643175884,1.8300573246601795,2.460099866197589,2.8726892078598896
1997-09-01,0.33036,0.56439,-0.085465,0.13,0.0065583,0.59205,-0.57922,-0.76914,-0.13996,-0.028200000000000003,0.079,0.780599626349203,1.5434980472637374,2.2640774180389345,2.5859706556828344
1997-10-01,0.8285,0.55973,-0.2388,0.088471,0.4201,0.70885,0.47515,-0.11433,-0.14121,-0.2642,0.0018000000000000002,0.5866181607037175,0.9365589823086926,1.5404218526161293,1.921343013731304
1997-11-01,0.901,0.7715,-0.11029,0.40073,0.50718,0.54914,0.64065,0.16316,0.10582,-0.3931,-0.25670000000000004,0.18840482160785502,0.14372183059541688,0.173571706711078,0.15521758278097958
1997-12-01,0.059051,0.018625,0.18418,0.31955,0.19799,0.022694,0.42482,-0.10746,-0.036755,0.8873000000000001,0.7266,0.7044362096405237,1.31574541492913,1.974195951172676,2.6487481229585526
1998-01-01,0.057655,0.4197,-0.10298,0.096106,0.37467,0.88171,-0.11457,-0.22612,-0.18888,-0.0471,0.0814,1.0095595809932676,1.9974217586766152,2.992853159050331,3.97202741347865
1998-02-01,0.11855,0.21602,-0.31514,-0.14393,0.40322,-0.05828,-0.15697,0.2368,-1.3781,-0.6806,-0.34550000000000003,1.090255297244884,1.964420289759826,2.958609719801507,3.787889158668002
1998-03-01,0.48897,-0.025178,-0.033721,-0.086668,0.28777,-0.054682,0.010144,0.13471,-0.9397,0.14350000000000002,0.1981,1.4357292334367624,2.6617065575896657,3.9177254160977033,5.053726561890491
1998-04-01,0.34058,0.49621,-0.25789,-0.53281,-0.31717,0.31563,-0.30688,-0.16967,-0.72113,-0.3019,-0.024900000000000002,1.242521386182662,2.2227001306583416,3.309776752775622,4.255542019074133
1998-05-01,0.74319,0.14093,0.17312,-0.11153,-0.25404,0.1284,-0.050076,0.06295,-0.11145,0.7996000000000001,0.6467,1.0924258395355755,2.0733052301973616,3.2030994264327193,4.0195734144615125
1998-06-01,0.62347,-0.5926,0.26303,0.23367,0.73512,-0.60482,0.15465,0.30137,-0.50198,1.2278,0.9917,1.0277100530006356,1.9599956876880626,3.053560208346806,3.994504542172121
1998-07-01,-0.40832,-0.52481,0.10795,-0.74406,-0.025862,-0.73171,-0.89793,-0.22344,-1.1243,0.8965000000000001,0.8093,0.3840168798714301,0.836183826751681,1.277765762599524,1.678998376501331
1998-08-01,-0.81426,1.1192,-0.45643,1.0583,-0.64902,1.7402,0.51851,1.7216,2.8883,2.0472,2.5453,1.0188269988846872,2.7454386612371118,4.076135883925486,5.338175136561907
1998-09-01,-2.2997,-0.49241,-0.094038,-0.22091,1.7224,-0.0080721,-0.16989,0.3753,1.7895,2.1851,2.3403,1.2848858939187136,3.3052294786200433,5.046212301878896,6.753859498078231
1998-10-01,-2.2743,0.11565,-0.44159,-1.446,0.10944,0.93913,-1.158,0.35564,1.4237,1.5735000000000001,2.0652,1.4287285260977007,3.263896720917412,4.439947545765455,5.434189590312589
1998-11-01,-0.54273,-0.035602,-0.48712,0.60083,0.27351,-0.86386,-0.050169,1.0189,-2.9222,-1.2292,-0.7361000000000001,1.3290881345414256,2.8924657693401414,4.213139897033693,4.743450590415317
1998-12-01,0.24673,0.025344,-0.59119,-0.64919,0.46928,-0.38284,-0.67086,0.18527,-0.43542,0.2394,0.8663000000000001,1.2991017537040148,2.4257304332779928,3.3873663693365885,4.113131948872986
1999-01-01,-0.093647,0.24384,-0.55114,-0.39121,-0.24862,-0.22208,-0.90913,-0.088909,-0.9563,-0.078,0.4953,0.9001895915078717,1.6380005800984774,2.5540712058681683,2.9888800936121016
1999-02-01,1.338,0.2992,-0.42474,1.3239,0.40242,-0.41898,0.28949,1.1061,-0.28516,0.2861,0.7355,0.7448711039101448,0.9636558806351642,1.2212870157868163,1.0648197532469732
1999-03-01,0.33265,0.088102,0.26377,-0.54459,-0.74389,-0.70334,-0.51913,-0.4514,-0.6533,0.673,0.42160000000000003,1.0203264401154342,1.5240724539950297,1.8595010162604766,1.7952287407386283
1999-04-01,0.13155,-0.010958,0.1316,-2.3037,-0.95685,0.25584,-0.43115,-0.18551,-0.63784,0.6558,0.5443,0.9656234128732468,1.3159760207096305,1.6435383419698468,1.631541743705231
1999-05-01,0.97381,0.48538,-0.67931,2.177,0.71885,-0.79588,0.39668,0.60943,0.11915,0.2647,0.9734,0.6274492077143132,0.512040487990887,0.34763949722906307,-0.40400598913151176
1999-06-01,-0.68443,-0.020978,0.025338,0.35462,-0.30608,-1.4506,0.07784,-0.044435,0.11197,1.362,1.3595000000000002,0.2836812097369169,0.19069804997495984,-0.1104045894135243,-0.9664309909962532
1999-07-01,-0.23761,0.35521,0.032392,-1.1622,-0.090509,0.015976,-0.50054,-0.59331,-0.61072,-0.22890000000000002,-0.2396,0.12509419985492973,-0.15502248451640804,-0.47743674781677636,-1.382831346019625
1999-08-01,0.19446,0.5812,-0.28122,0.0016286,-0.21337,-0.28686,0.22832,0.17527,1.2219,1.0933,1.4095,-0.8551394258667522,-1.618916802717213,-2.7709399218035906,-4.425265427801685
1999-09-01,-0.24776,-0.12966,0.36756,-0.88216,0.2503,-0.83229,0.020797,-0.90361,0.12276,1.0152,0.6766,-1.3934176798052735,-2.6149631942235376,-4.299468819642528,-6.068763612641645
1999-10-01,-0.016578,0.84031,-0.30275,1.1854,0.47381,-0.11331,0.92966,0.29705,0.80067,0.2018,0.5354,-1.58940002597983,-2.9024587658984675,-4.413129857892854,-5.960828521870847
1999-11-01,-0.55615,0.49476,-0.35626,-0.39492,0.52434,-0.033091,0.70383,0.25248,-1.4687,-1.3271,-0.9509000000000001,-1.4540528282072147,-2.90763786345463,-4.031488857497634,-6.176958989079865
1999-12-01,-0.30039,0.82257,-0.19235,-0.32539,-0.49017,-0.054013,0.51893,0.29522,-0.89622,-0.8032,-0.5982000000000001,-1.2912531567309198,-2.933961111694211,-4.472986433578622,-6.687298531818353
2000-01-01,-0.50416,0.56883,0.054131,0.67375,0.39212,-1.3171,-0.98197,-1.4072,-1.0116,-0.8253,-0.8663000000000001,-1.5732882357590394,-3.739018337151154,-5.746615045813848,-8.024564847932918
2000-02-01,-0.11132,0.30351,0.44155,-0.40475,-0.74521,-0.42031,-0.76625,-1.6471,0.23518,1.0169,0.5915,-0.784550238241602,-2.0703947072962845,-3.2239822730920014,-4.759698100974236
2000-03-01,-0.63409,0.53843,-0.094334,-1.0786,-0.039428,0.36763,0.82287,0.78854,-0.15072,-0.1884,-0.06770000000000001,-1.091643310628486,-2.220776520168328,-3.0757486135482814,-3.8674061889740554
2000-04-01,-0.61149,0.44449,-0.48335,2.2358,1.9925,-0.19459,1.5173,0.51556,-0.10714,-0.5556,-0.0369,-1.1549973372569382,-2.4352793025464887,-3.3453544386229077,-4.323010457973836
2000-05-01,0.57189,-0.18526,0.95537,0.34823,-1.6747,-0.84745,-0.6381,-1.1696,0.85272,2.9879,2.0403000000000002,-0.5225482253927431,-1.5791878736502563,-2.1035846129068267,-2.808273176217861
2000-06-01,-1.0061,0.15889,0.054099,-2.3362,-0.32561,0.9579,-0.84076,0.042564,-0.18129,0.3521,0.32730000000000004,-0.6629005062988753,-1.0361369972111387,-1.2372380391526958,-1.2174003473188775
2000-07-01,-0.63231,-0.62375,0.20895,1.5101,1.3428,-0.7452,0.58968,0.23783,-0.34678,1.2824,1.1024,-0.5402474837549104,-0.668068925469044,-0.6746785878838208,-0.3796354520571227
2000-08-01,-1.2472,-0.57021,0.025288,0.90842,0.84298,-0.46972,0.019862,0.35273,-0.0087685,1.6326,1.6397,-0.2913473864370089,-0.26951658152256086,0.18797603695073634,0.5528963773691498
2000-09-01,-1.6513,0.19104,0.26239,-2.2165,-1.9683,0.54758,-1.2413,0.029866,0.26745,1.5974,1.3517000000000001,-0.4711609730617239,-0.18262911083288397,0.24054395614134666,0.7420788881667216
2000-10-01,-1.5042,-0.57851,0.45365,1.4453,1.3603,-1.2573,0.43458,-0.079073,0.85349,2.1119,1.6951,-0.2890796578222929,0.28281999283329073,0.9834325290938244,1.6205334785927679
2000-11-01,-1.0799,-0.43794,0.55966,-0.16909,0.066438,-0.43196,-0.2668,-0.2073,0.24879,1.8628,1.3284,0.25418176798085584,1.0892866231651845,1.9795909843587374,3.012149261652545
2000-12-01,-1.5021,-0.7751,-0.1536,-0.64939,0.58976,0.41932,-0.74461,0.63781,1.4198,2.906,3.1123,0.9691929138887591,2.6780677025895616,4.040753674428576,5.867711328082951
2001-01-01,-0.82085,-1.4649,0.26358,-2.2,0.16907,-0.29368,-1.0047,0.52403,0.60574,3.0757,2.8574,2.186233828666014,4.376231198873381,5.895636841712725,7.880205443264787
2001-02-01,-0.60417,-1.0135,-0.23684,1.4981,1.0008,-1.011,-0.41329,1.4238,1.2357,3.2553,3.5399000000000003,2.3598126871918708,4.639591265009429,6.147724209652062,8.129478355843725
2001-03-01,-0.35977,-1.15,0.04754,0.71625,0.70011,-0.86657,-0.41314,0.96657,2.4241,4.3695,4.378,2.307420826737763,4.347342062749752,5.541848072611999,6.802932016734855
2001-04-01,1.123,-1.206,-0.018596,-1.4306,-0.99741,-0.76537,-0.75644,0.77208,1.1763,4.0512,4.1105,2.6386438334104536,4.457993634251937,5.561894381580318,6.5098318790347625
2001-05-01,2.0062,-1.036,-0.83539,-0.46456,-0.70431,-0.97675,-1.9522,0.17798,-1.1412,2.0705,2.934,3.1312723791149506,4.89234286203126,5.9526042304223274,6.530974335458903
2001-06-01,1.6508,-1.4304,-0.89385,0.59658,0.59978,-1.5093,-0.11858,1.3029,1.0094,3.6176,4.5669,2.2794921388651774,3.747653648804862,4.4534285526569395,4.71195672703151
2001-07-01,1.1073,-1.0565,-1.2073,1.8245,0.60504,-1.6765,-0.48593,0.97659,1.3241,3.6631,4.9267,2.582817382003387,4.7658580283243195,5.668281967878554,6.301948012675654
2001-08-01,1.0589,-1.2129,-0.59312,-1.5054,-0.77906,-1.0242,-1.1859,0.35365,1.5948,4.2431,4.89,2.704837202901652,4.694929301033034,5.535256208094106,6.231565740763221
2001-09-01,0.82183,-1.4278,-0.16771,-3.8061,-0.00033338,-1.0237,5.9874,5.1631,3.4126,5.0035,5.2519,3.070199520758849,5.78464463404113,6.827612657144658,7.741555298233838
2001-10-01,0.68407,-1.2652,-2.0776,5.8894,0.3394,-1.1366,-11.742,-7.5185,-0.3758,3.4947,5.6063,3.479330619353859,6.5217421823023285,7.9764062328321925,8.869425893610236
2001-11-01,3.9646,-1.3269,-1.3449,-1.9481,-0.74613,-1.4355,2.4213,3.6864,0.29472,3.2694,4.6682,3.210957971777699,5.072999120540015,5.55842640293565,5.460373963262007
2001-12-01,5.0521,-0.88155,-1.5679,-0.18037,-0.91075,-1.4562,1.0183,2.1975,-0.013962,2.896,4.5078,2.6045188344743604,3.6996080810027503,3.320751376292054,2.592669118120762
2002-01-01,3.3704,-0.28015,-0.98919,-1.0605,-1.8526,-0.9263,-1.2199,-0.31815,1.6463,3.6033,4.6364,2.199983150847202,3.1688652588712625,3.1680236622992455,2.598051560321193
2002-02-01,2.6179,-0.19846,-1.1422,0.0033683,-0.36701,-1.6519,-0.54589,0.32462,1.0558,2.3607,3.5508,2.156292429411587,3.191208120268109,3.3240576182646335,2.7632085255359167
2002-03-01,3.7247,-0.27636,-0.94215,-0.98004,-1.5543,-1.7051,-0.28402,-0.23504,0.17235,2.3094,3.2838,1.5325252232285695,1.701600334014846,1.0226223845480296,0.031033954697358423
2002-04-01,3.2814,-0.20258,-1.4156,-0.15729,-0.7492,-0.67225,-0.81781,0.19881,0.43917,2.0818,3.5408,2.2679854784669358,3.4530501329828462,3.696806460169655,3.457761566223752
2002-05-01,2.3868,-0.19897,-1.3002,1.0964,1.3653,-1.8027,0.71127,0.52359,1.5324,1.9421,3.3061,2.3684846901406145,3.7053639835550927,4.466910710841923,4.602091825542367
2002-06-01,2.6515,0.11515,-0.92484,-0.96961,-0.32472,-0.80898,0.11797,0.024952,2.4298,2.6807,3.6652,2.6532126647253214,4.35915260071686,5.42459103376383,6.0109396041075165
2002-07-01,0.90735,-0.28603,-0.67367,-0.67701,0.27531,-1.1963,-0.35317,-0.3258,3.4299,3.8444000000000003,4.5898,2.3657422694057795,4.762414166280184,5.962144393484898,6.726769513576286
2002-08-01,-0.48833,-0.44053,-0.78941,-0.43283,-0.053296,-0.7369,-0.87699,-0.35663,0.58976,2.1492,2.9838,2.1417432099226694,4.628377696004255,6.320837899545455,7.1986542617931315
2002-09-01,-1.5355,-0.39058,-0.35431,-0.43246,0.42762,-1.4665,0.16134,0.060229,1.6144,2.5813,2.9882,1.6981527550650903,4.398289736659839,6.443374764674162,8.181377580506394
2002-10-01,-1.1362,-0.50261,-0.41283,-0.37681,-0.33173,-1.502,-0.19939,0.68027,0.98897,2.7253,3.18,1.4435156908598024,3.5935365522823446,5.109702817151808,6.290064331672619
2002-11-01,1.0622,-0.44796,-1.5234,0.14656,0.58983,-0.8835,-0.18236,1.0094,-0.026844,1.4273,3.0025,2.1216853685235715,4.42540851299175,5.770509139445141,6.33277283913751
2002-12-01,-1.1713,-0.66995,-0.61406,-0.46693,0.2517,-2.1066,-0.63982,-0.12617,0.81469,2.5075,3.1705,2.8667417882330426,6.221783596141286,8.759216582867227,10.290585808660788
2003-01-01,-0.67799,0.42424,-0.90796,-1.6705,-0.78918,-0.70244,-0.97705,-0.086931,1.4194,1.5218,2.4772,2.7307094860489025,5.768935906699956,8.096013948712569,9.603757740373231
2003-02-01,-1.7623,-0.50461,-0.17005,-1.5535,-0.69011,-0.97107,0.10672,-0.066007,2.0448,3.5298,3.7499000000000002,2.6429590556921996,5.651954116058056,8.320417679572998,10.103858030700447
2003-03-01,-1.333,-0.61816,-0.95882,0.35734,0.71171,-1.1974,-1.147,-0.025199,-0.12458,1.5937000000000001,2.5975,3.5368866551698215,7.333739301884911,10.316963161871145,12.556163823943187
2003-04-01,-1.5502,-1.0273,-1.3925,3.5646,2.7494,-2.3234,0.63889,1.5713,-0.9524,0.9736,2.4148,3.038320367500998,6.370138696461411,8.970954445900805,10.768814212807944
2003-05-01,-3.1523,-0.37862,-1.4746,-2.3144,-0.0989,-0.27297,-1.5439,0.57989,-0.21864,1.1104,2.6383,2.953067620571263,6.297976785320326,9.354347193854641,11.800823109872704
2003-06-01,-2.4355,-0.39296,-0.95779,-1.9677,-0.76082,-0.62798,-1.2876,0.89954,0.19637,1.892,2.8937,2.7886993750009044,5.850524503158941,8.420090379199188,10.34928912991362
2003-07-01,-0.67722,0.25781,-0.86902,0.83938,-0.9943,-1.3779,-0.31751,1.3293,0.63457,1.7681,2.6663,1.4950342110330768,3.359018171543951,4.4322685407595275,4.893250129598732
2003-08-01,0.31584,0.031653,-0.37418,-0.79971,-1.1247,-2.0205,-0.25737,0.32898,0.40298,1.7512,2.1534,1.1916819076330047,1.9781540455877058,2.5640653165326386,2.3047016834126697
2003-09-01,-1.4918,0.32884,-1.2748,0.18929,0.20226,-0.87456,-1.9825,-0.839,0.78571,0.9672000000000001,2.2896,0.8782690409590734,1.7470497980567026,2.203952578204995,2.126934318638475
2003-10-01,-0.23052,0.27648,-1.1983,0.40448,1.3289,-1.6257,-0.23695,0.19599,0.70122,0.3889,1.6417000000000002,0.7510838611355279,1.3978149718922697,1.5672947269748132,1.573897445503912
2003-11-01,0.032446,0.70103,-1.1228,0.48239,0.20769,-0.84003,-0.049277,0.72335,0.67282,0.3335,1.4976,1.1273392763074364,2.2434416345632404,2.881276912087885,3.0718182850121045
2003-12-01,-0.43831,0.32079,-0.7251,-2.0492,-0.46388,-1.3976,-1.0386,-0.17181,0.81286,0.9735,1.7432,0.729866014849648,1.2152507624696793,1.5182660232090437,1.4600988646930797
